0, -0.070
1, -0.056
2, 0.000
3, 0.182
4, 0.224
5, 0.559
6, 0.594
7, 1.042
8, 1.154
9, 1.329
10, 1.553
11, 1.840
12, 2.105
13, 2.280
14, 2.350
15, 2.707
16, 2.812
17, 3.252
18, 3.413
19, 3.567
20, 3.819
21, 4.008
22, 4.106
22, 4.428
21, 4.540
20, 4.624
19, 4.624
18, 4.610
17, 4.589
16, 4.519
15, 4.519
14, 4.393
13, 4.365
12, 3.959
11, 3.763
10, 3.378
9, 3.245
8, 2.909
7, 2.602
6, 2.434
5, 2.287
4, 1.888
3, 1.832
2, 1.371
1, 1.259
0, 1.028
-1, 0.741
-2, 0.468
-3, 0.258
-4, 0.063
-5, -0.028
-6, -0.364
-7, -0.518
-8, -0.777
-9, -1.133
-10, -1.371
-11, -1.602
-12, -1.833
-13, -1.861
-14, -2.169
-15, -2.343
-16, -2.672
-17, -2.833
-18, -3.043
-19, -3.309
-20, -3.519
-21, -3.610
-22, -3.967
-22, -4.023
-21, -4.443
-20, -4.506
-19, -4.499
-18, -4.485
-17, -4.471
-16, -4.478
-15, -3.974
-14, -3.925
-13, -3.568
-12, -3.456
-11, -3.197
-10, -2.938
-9, -2.707
-8, -2.490
-7, -2.371
-6, -2.162
-5, -1.861
-4, -1.749
-3, -1.448
-2, -1.273
-1, -0.993
0, -0.630
0, -0.413
1, -0.343
2, -0.147
3, -0.126
4, 0.245
5, 0.336
6, 0.497
7, 0.839
8, 1.105
9, 1.161
10, 1.532
11, 1.651
12, 2.042
13, 2.168
14, 2.406
15, 2.616
16, 2.812
17, 2.980
18, 3.386
19, 3.455
20, 3.777
21, 3.847
22, 4.120
22, 4.379
21, 4.568
20, 4.603
19, 4.617
18, 4.617
17, 4.575
16, 4.568
15, 4.561
14, 4.435
13, 4.365
12, 4.064
11, 3.679
10, 3.581
9, 3.190
8, 3.008
7, 2.630
6, 2.567
5, 2.315
4, 2.070
3, 1.839
2, 1.497
1, 1.231
0, 1.175
-1, 0.762
-2, 0.629
-3, 0.496
-4, 0.182
-5, -0.063
-6, -0.133
-7, -0.469
-8, -0.644
-9, -1.133
-10, -1.231
-11, -1.378
-12, -1.679
-13, -1.819
-14, -2.021
-15, -2.364
-16, -2.399
-17, -2.784
-18, -2.910
-19, -3.232
-20, -3.400
-21, -3.610
-22, -3.855
-22, -4.037
-21, -4.120
-20, -4.394
-19, -4.401
-18, -4.373
-17, -4.366
-16, -4.316
-15, -3.946
-14, -3.771
-13, -3.512
-12, -3.246
-11, -3.141
-10, -2.749
-9, -2.679
-8, -2.343
-7, -2.259
-6, -1.938
-5, -1.777
-4, -1.574
-3, -1.462
-2, -1.112
-1, -0.902
0, -0.392
0, -0.343
1, -0.210
2, -0.014
3, 0.112
4, 0.189
5, 0.560
6, 0.581
7, 1.049
8, 1.140
9, 1.350
10, 1.609
11, 1.840
12, 2.154
13, 2.350
14, 2.427
15, 2.763
16, 2.861
17, 3.302
18, 3.455
19, 3.610
20, 3.896
21, 4.043
22, 4.183
22, 4.526
21, 4.610
20, 4.729
19, 4.729
18, 4.729
17, 4.722
16, 4.638
15, 4.638
14, 4.512
13, 4.498
12, 4.086
11, 3.834
10, 3.519
9, 3.407
8, 3.092
7, 2.770
6, 2.616
5, 2.469
4, 2.098
3, 2.049
2, 1.574
1, 1.469
0, 1.231
-1, 0.902
-2, 0.650
-3, 0.629
-4, 0.238
-5, 0.161
-6, -0.161
-7, -0.308
-8, -0.539
-9, -0.937
-10, -1.161
-11, -1.252
-12, -1.623
-13, -1.679
-14, -1.966
-15, -2.147
-16, -2.378
-17, -2.595
-18, -2.868
-19, -3.099
-20, -3.365
-21, -3.414
-22, -3.799
-22, -3.896
-21, -4.288
-20, -4.323
-19, -4.316
-18, -4.295
-17, -4.295
-16, -4.295
-15, -3.806
-14, -3.743
-13, -3.379
-12, -3.253
-11, -3.029
-10, -2.735
-9, -2.525
-8, -2.308
-7, -2.070
-6, -1.945
-5, -1.679
-4, -1.574
-3, -1.252
-2, -1.042
-1, -0.790
0, -0.462
0, -0.245
1, -0.168
2, 0.021
3, 0.035
4, 0.441
5, 0.525
6, 0.630
7, 0.993
8, 1.238
9, 1.476
10, 1.679
11, 1.728
12, 2.175
13, 2.217
14, 2.602
15, 2.700
16, 2.959
17, 3.260
18, 3.511
19, 3.603
20, 3.910
21, 3.973
22, 4.372
22, 4.463
21, 4.582
20, 4.729
19, 4.736
18, 4.722
17, 4.722
16, 4.694
15, 4.652
14, 4.547
13, 4.316
12, 4.183
11, 3.812
10, 3.582
9, 3.358
8, 3.183
7, 2.756
6, 2.707
5, 2.301
4, 2.196
3, 1.993
2, 1.588
1, 1.357
0, 1.252
-1, 0.881
-2, 0.741
-3, 0.420
-4, 0.308
-5, -0.028
-6, -0.154
-7, -0.308
-8, -0.651
-9, -1.021
-10, -1.070
-11, -1.427
-12, -1.567
-13, -1.819
-14, -1.903
-15, -2.189
-16, -2.483
-17, -2.679
-18, -2.791
-19, -3.134
-20, -3.267
-21, -3.610
-22, -3.673
-22, -3.897
-21, -4.184
-20, -4.338
-19, -4.316
-18, -4.316
-17, -4.316
-16, -4.275
-15, -3.960
-14, -3.624
-13, -3.519
-12, -3.295
-11, -2.966
-10, -2.728
-9, -2.637
-8, -2.322
-7, -2.259
-6, -1.847
-5, -1.777
-4, -1.553
-3, -1.301
-2, -1.049
-1, -0.895
0, -0.441
0, -0.357
1, -0.014
2, 0.007
3, 0.056
4, 0.294
5, 0.497
6, 0.553
7, 1.000
8, 1.119
9, 1.497
10, 1.560
11, 1.938
12, 2.042
13, 2.238
14, 2.497
15, 2.742
16, 2.805
17, 3.246
18, 3.407
19, 3.728
20, 3.819
21, 3.959
22, 4.246
22, 4.477
21, 4.673
20, 4.715
19, 4.715
18, 4.701
17, 4.701
16, 4.610
15, 4.639
14, 4.533
13, 4.407
12, 4.183
11, 3.917
10, 3.554
9, 3.449
8, 2.980
7, 2.812
6, 2.644
5, 2.350
4, 2.070
3, 1.819
2, 1.560
1, 1.448
0, 1.070
-1, 0.958
-2, 0.692
-3, 0.476
-4, 0.245
-5, -0.007
-6, -0.196
-7, -0.238
-8, -0.776
-9, -0.972
-10, -1.294
-11, -1.413
-12, -1.630
-13, -1.861
-14, -2.007
-15, -2.154
-16, -2.560
-17, -2.644
-18, -3.022
-19, -3.148
-20, -3.323
-21, -3.624
-22, -3.827
-22, -4.099
-21, -4.351
-20, -4.443
-19, -4.429
-18, -4.422
-17, -4.415
-16, -4.351
-15, -4.016
-14, -3.778
-13, -3.603
-12, -3.442
-11, -3.015
-10, -2.959
-9, -2.581
-8, -2.518
-7, -2.392
-6, -1.986
-5, -1.860
-4, -1.770
-3, -1.427
-2, -1.343
-1, -0.825
0, -0.664
0, -0.489
1, -0.245
2, -0.126
3, 0.028
4, 0.196
5, 0.273
6, 0.623
7, 0.804
8, 1.175
9, 1.273
10, 1.427
11, 1.763
12, 1.952
13, 2.056
14, 2.455
15, 2.546
16, 2.903
17, 3.106
18, 3.337
19, 3.617
20, 3.784
21, 4.015
22, 4.288
22, 4.365
21, 4.631
20, 4.680
19, 4.680
18, 4.673
17, 4.673
16, 4.575
15, 4.618
14, 4.498
13, 4.330
12, 4.218
11, 3.749
10, 3.575
9, 3.386
8, 2.980
7, 2.714
6, 2.658
5, 2.259
4, 2.196
3, 1.791
2, 1.588
1, 1.364
0, 1.063
-1, 0.811
-2, 0.706
-3, 0.406
-4, 0.301
-5, -0.070
-6, -0.175
-7, -0.343
-8, -0.700
-9, -1.056
-10, -1.294
-11, -1.483
-12, -1.574
-13, -1.889
-14, -1.952
-15, -2.378
-16, -2.511
-17, -2.721
-18, -2.987
-19, -3.197
-20, -3.309
-21, -3.680
-22, -3.729
-22, -4.106
-21, -4.268
-20, -4.436
-19, -4.429
-18, -4.408
-17, -4.408
-16, -4.268
-15, -4.058
-14, -3.736
-13, -3.659
-12, -3.421
-11, -3.071
-10, -2.896
-9, -2.756
-8, -2.434
-7, -2.392
-6, -1.959
-5, -1.924
-4, -1.721
-3, -1.462
-2, -1.301
-1, -0.909
0, -0.601
0, -0.490
1, -0.175
2, -0.126
3, 0.070
4, 0.119
5, 0.301
6, 0.539
7, 0.881
8, 1.126
9, 1.329
10, 1.392
11, 1.833
12, 1.889
13, 2.098
14, 2.378
15, 2.574
16, 2.903
17, 3.197
18, 3.302
19, 3.617
20, 3.693
21, 4.043
22, 4.190
22, 4.386
21, 4.603
20, 4.652
19, 4.659
18, 4.652
17, 4.645
16, 4.554
15, 4.568
14, 4.477
13, 4.358
12, 4.141
11, 3.770
10, 3.476
9, 3.386
8, 2.945
7, 2.756
6, 2.616
5, 2.315
4, 2.133
3, 1.804
2, 1.518
1, 1.385
0, 1.028
-1, 0.916
-2, 0.559
-3, 0.489
-4, 0.280
-5, -0.007
-6, -0.224
-7, -0.238
-8, -0.700
-9, -0.937
-10, -1.280
-11, -1.378
-12, -1.567
-13, -1.833
-14, -1.945
-15, -2.224
-16, -2.490
-17, -2.581
-18, -2.966
-19, -3.057
-20, -3.428
-21, -3.568
-22, -3.694
-22, -3.995
-21, -4.247
-20, -4.351
-19, -4.344
-18, -4.345
-17, -4.316
-16, -4.288
-15, -3.820
-14, -3.750
-13, -3.540
-12, -3.239
-11, -2.973
-10, -2.861
-9, -2.483
-8, -2.434
-7, -2.028
-6, -1.875
-5, -1.805
-4, -1.518
-3, -1.308
-2, -1.245
-1, -0.713
0, -0.566
0, -0.245
1, -0.161
2, -0.014
3, 0.091
4, 0.280
5, 0.553
6, 0.706
7, 0.818
8, 1.273
9, 1.322
10, 1.700
11, 1.749
12, 2.000
13, 2.252
14, 2.490
15, 2.616
16, 2.938
17, 3.099
18, 3.476
19, 3.589
20, 3.735
21, 4.015
22, 4.246
22, 4.449
21, 4.631
20, 4.659
19, 4.666
18, 4.659
17, 4.659
16, 4.582
15, 4.575
14, 4.393
13, 4.268
12, 4.197
11, 3.742
10, 3.582
9, 3.393
8, 3.043
7, 2.735
6, 2.511
5, 2.273
4, 2.196
3, 1.791
2, 1.609
1, 1.231
0, 1.126
-1, 0.909
-2, 0.601
-3, 0.427
-4, 0.350
-5, -0.021
-6, -0.119
-7, -0.476
-8, -0.650
-9, -1.140
-10, -1.252
-11, -1.441
-12, -1.721
-13, -1.861
-14, -1.931
-15, -2.336
-16, -2.448
-17, -2.798
-18, -2.959
-19, -3.120
-20, -3.386
-21, -3.631
-22, -3.686
-22, -4.079
-21, -4.190
-20, -4.393
-19, -4.379
-18, -4.358
-17, -4.351
-16, -4.232
-15, -3.987
-14, -3.714
-13, -3.610
-12, -3.218
-11, -3.050
-10, -2.847
-9, -2.574
-8, -2.406
-7, -2.189
-6, -1.916
-5, -1.881
-4, -1.532
-3, -1.462
-2, -1.028
-1, -0.853
0, -0.559
0, -0.294
1, -0.112
2, -0.056
3, 0.133
4, 0.175
5, 0.434
6, 0.623
7, 0.930
8, 1.196
9, 1.392
10, 1.469
11, 1.861
12, 1.959
13, 2.301
14, 2.441
15, 2.616
16, 2.868
17, 3.155
18, 3.337
19, 3.645
20, 3.722
21, 4.065
22, 4.169
22, 4.386
21, 4.597
20, 4.673
19, 4.673
18, 4.666
17, 4.659
16, 4.569
15, 4.583
14, 4.498
13, 4.373
12, 4.099
11, 3.785
10, 3.477
9, 3.407
8, 2.938
7, 2.784
6, 2.420
5, 2.315
4, 2.112
3, 1.812
2, 1.567
1, 1.455
0, 1.063
-1, 0.965
-2, 0.567
-3, 0.483
-4, 0.280
-5, -0.021
-6, -0.196
-7, -0.427
-8, -0.797
-9, -0.923
-10, -1.294
-11, -1.371
-12, -1.735
-13, -1.804
-14, -1.979
-15, -2.273
-16, -2.532
-17, -2.623
-18, -3.001
-19, -3.106
-20, -3.483
-21, -3.582
-22, -3.917
-22, -4.057
-21, -4.246
-20, -4.428
-19, -4.407
-18, -4.400
-17, -4.393
-16, -4.379
-15, -3.869
-14, -3.770
-13, -3.603
-12, -3.288
-11, -3.015
-10, -2.938
-9, -2.553
-8, -2.511
-7, -2.147
-6, -2.028
-5, -1.923
-4, -1.657
-3, -1.427
-2, -1.119
-1, -0.804
0, -0.678
0, -0.301
1, -0.252
2, -0.056
3, 0.014
4, 0.217
5, 0.490
6, 0.623
7, 0.742
8, 1.196
9, 1.280
10, 1.679
11, 1.777
12, 1.959
13, 2.217
14, 2.483
15, 2.721
16, 2.924
17, 3.057
18, 3.498
19, 3.575
20, 3.896
21, 3.994
22, 4.247
22, 4.491
21, 4.645
20, 4.687
19, 4.701
18, 4.701
17, 4.673
16, 4.618
15, 4.597
14, 4.450
13, 4.323
12, 4.247
11, 3.827
10, 3.673
9, 3.232
8, 3.036
7, 2.819
6, 2.567
5, 2.343
4, 2.049
3, 1.840
2, 1.686
1, 1.266
0, 1.210
-1, 0.783
-2, 0.623
-3, 0.546
-4, 0.217
-5, 0.014
-6, -0.077
-7, -0.406
-8, -0.615
-9, -1.077
-10, -1.168
-11, -1.350
-12, -1.658
-13, -1.798
-14, -1.979
-15, -2.287
-16, -2.364
-17, -2.728
-18, -2.826
-19, -3.183
-20, -3.386
-21, -3.491
-22, -3.798
-22, -3.973
-21, -4.079
-20, -4.358
-19, -4.358
-18, -4.330
-17, -4.330
-16, -4.254
-15, -3.883
-14, -3.700
-13, -3.610
-12, -3.176
-11, -3.036
-10, -2.693
-9, -2.595
-8, -2.434
-7, -2.175
-6, -1.916
-5, -1.714
-4, -1.504
-3, -1.455
-2, -1.056
-1, -0.874
0, -0.420
0, -0.315
1, -0.154
2, -0.035
3, 0.105
4, 0.168
5, 0.553
6, 0.574
7, 1.042
8, 1.133
9, 1.308
10, 1.574
11, 1.770
12, 1.910
13, 2.266
14, 2.350
15, 2.721
16, 2.833
17, 3.078
18, 3.414
19, 3.610
20, 3.841
21, 4.001
22, 4.113
22, 4.456
21, 4.540
20, 4.687
19, 4.687
18, 4.687
17, 4.659
16, 4.589
15, 4.589
14, 4.400
13, 4.372
12, 4.183
11, 3.848
10, 3.610
9, 3.274
8, 2.938
7, 2.840
6, 2.497
5, 2.399
4, 2.049
3, 1.916
2, 1.623
1, 1.357
0, 1.133
-1, 1.028
-2, 0.601
-3, 0.532
-4, 0.196
-5, 0.084
-6, -0.196
-7, -0.357
-8, -0.651
-9, -1.035
-10, -1.203
-11, -1.273
-12, -1.665
-13, -1.735
-14, -2.028
-15, -2.238
-16, -2.413
-17, -2.658
-18, -2.903
-19, -3.001
-20, -3.344
-21, -3.463
-22, -3.813
-22, -3.903
-21, -4.141
-20, -4.323
-19, -4.309
-18, -4.302
-17, -4.288
-16, -4.288
-15, -3.770
-14, -3.679
-13, -3.526
-12, -3.176
-11, -2.959
-10, -2.672
-9, -2.441
-8, -2.406
-7, -2.070
-6, -1.937
-5, -1.630
-4, -1.497
-3, -1.308
-2, -1.035
-1, -0.692
0, -0.517
0, -0.182
1, -0.147
2, 0.063
3, 0.119
4, 0.280
5, 0.546
6, 0.714
7, 1.070
8, 1.322
9, 1.378
10, 1.777
11, 1.875
12, 2.231
13, 2.308
14, 2.581
15, 2.826
16, 2.987
17, 3.141
18, 3.596
19, 3.659
20, 3.980
21, 4.058
22, 4.288
22, 4.561
21, 4.750
20, 4.793
19, 4.793
18, 4.786
17, 4.758
16, 4.722
15, 4.694
14, 4.527
13, 4.415
12, 4.141
11, 3.820
10, 3.722
9, 3.316
8, 3.106
7, 2.931
6, 2.672
5, 2.427
4, 2.154
3, 1.952
2, 1.812
1, 1.350
0, 1.273
-1, 0.874
-2, 0.734
-3, 0.616
-4, 0.322
-5, 0.091
-6, 0.000
-7, -0.364
-8, -0.539
-9, -0.986
-10, -1.070
-11, -1.280
-12, -1.581
-13, -1.735
-14, -1.818
-15, -2.231
-16, -2.322
-17, -2.693
-18, -2.847
-19, -3.148
-20, -3.309
-21, -3.547
-22, -3.791
-22, -3.973
-21, -4.099
-20, -4.358
-19, -4.351
-18, -4.344
-17, -4.344
-16, -4.302
-15, -3.876
-14, -3.749
-13, -3.652
-12, -3.232
-11, -3.106
-10, -2.756
-9, -2.651
-8, -2.497
-7, -2.252
-6, -2.028
-5, -1.937
-4, -1.602
-3, -1.532
-2, -1.105
-1, -0.986
0, -0.657
0, -0.391
1, -0.245
2, -0.112
3, 0.007
4, 0.070
5, 0.462
6, 0.483
7, 0.895
8, 1.084
9, 1.224
10, 1.532
11, 1.756
12, 1.826
13, 2.196
14, 2.294
15, 2.637
16, 2.756
17, 3.022
18, 3.365
19, 3.540
20, 3.777
21, 3.959
22, 4.043
22, 4.393
21, 4.491
20, 4.610
19, 4.610
18, 4.610
17, 4.589
16, 4.512
15, 4.519
14, 4.337
13, 4.316
12, 3.931
11, 3.714
10, 3.540
9, 3.260
8, 2.924
7, 2.798
6, 2.469
5, 2.364
4, 2.000
3, 1.916
2, 1.588
1, 1.287
0, 1.140
-1, 0.839
-2, 0.580
-3, 0.573
-4, 0.196
-5, 0.077
-6, -0.224
-7, -0.378
-8, -0.637
-9, -1.035
-10, -1.245
-11, -1.315
-12, -1.686
-13, -1.742
-14, -2.021
-15, -2.210
-16, -2.441
-17, -2.665
-18, -2.889
-19, -3.134
-20, -3.407
-21, -3.491
-22, -3.855
-22, -3.966
-21, -4.106
-20, -4.337
-19, -4.330
-18, -4.309
-17, -4.302
-16, -4.302
-15, -3.855
-14, -3.742
-13, -3.414
-12, -3.281
-11, -3.078
-10, -2.735
-9, -2.560
-8, -2.315
-7, -2.224
-6, -1.847
-5, -1.735
-4, -1.609
-3, -1.287
-2, -1.126
-1, -0.727
0, -0.489
0, -0.363
1, -0.049
2, 0.014
3, 0.196
4, 0.322
5, 0.406
6, 0.721
7, 0.944
8, 1.280
9, 1.420
10, 1.518
11, 1.903
12, 2.036
13, 2.336
14, 2.546
15, 2.651
16, 2.959
17, 3.134
18, 3.540
19, 3.659
20, 3.806
21, 4.113
22, 4.288
22, 4.519
21, 4.680
20, 4.736
19, 4.736
18, 4.736
17, 4.708
16, 4.632
15, 4.625
14, 4.477
13, 4.429
12, 4.065
11, 3.785
10, 3.666
9, 3.309
8, 3.043
7, 2.728
6, 2.623
5, 2.420
4, 2.091
3, 1.958
2, 1.525
1, 1.315
0, 1.210
-1, 0.860
-2, 0.671
-3, 0.399
-4, 0.238
-5, 0.105
-6, -0.224
-7, -0.294
-8, -0.713
-9, -1.028
-10, -1.119
-11, -1.455
-12, -1.623
-13, -1.861
-14, -1.945
-15, -2.168
-16, -2.553
-17, -2.679
-18, -2.980
-19, -3.155
-20, -3.302
-21, -3.652
-22, -3.756
-22, -4.120
-21, -4.281
-20, -4.421
-19, -4.414
-18, -4.400
-17, -4.393
-16, -4.288
-15, -4.043
-14, -3.777
-13, -3.659
-12, -3.260
-11, -3.043
-10, -2.959
-9, -2.581
-8, -2.511
-7, -2.252
-6, -2.056
-5, -1.811
-4, -1.595
-3, -1.518
-2, -1.140
-1, -0.937
0, -0.510
0, -0.384
1, -0.294
2, -0.112
3, -0.070
4, 0.266
5, 0.378
6, 0.469
7, 0.867
8, 1.063
9, 1.399
10, 1.525
11, 1.623
12, 2.007
13, 2.126
14, 2.490
15, 2.637
16, 2.770
17, 3.141
18, 3.365
19, 3.491
20, 3.778
21, 3.876
22, 4.261
22, 4.400
21, 4.477
20, 4.639
19, 4.639
18, 4.632
17, 4.632
16, 4.547
15, 4.576
14, 4.477
13, 4.309
12, 4.141
11, 3.757
10, 3.512
9, 3.379
8, 2.959
7, 2.735
6, 2.441
5, 2.259
4, 2.154
3, 1.798
2, 1.560
1, 1.224
0, 1.077
-1, 0.951
-2, 0.567
-3, 0.490
-4, 0.147
-5, -0.028
-6, -0.133
-7, -0.420
-8, -0.636
-9, -1.112
-10, -1.252
-11, -1.364
-12, -1.700
-13, -1.833
-14, -2.042
-15, -2.308
-16, -2.427
-17, -2.700
-18, -2.917
-19, -3.064
-20, -3.372
-21, -3.484
-22, -3.841
-22, -3.973
-21, -4.309
-20, -4.386
-19, -4.379
-18, -4.358
-17, -4.351
-16, -4.316
-15, -3.917
-14, -3.813
-13, -3.462
-12, -3.281
-11, -3.120
-10, -2.791
-9, -2.588
-8, -2.343
-7, -2.224
-6, -2.028
-5, -1.770
-4, -1.616
-3, -1.322
-2, -1.098
-1, -0.902
0, -0.517
0, -0.371
1, -0.028
2, 0.007
3, 0.007
4, 0.294
5, 0.462
6, 0.763
7, 0.916
8, 1.280
9, 1.406
10, 1.532
11, 1.882
12, 2.015
13, 2.350
14, 2.539
15, 2.665
16, 2.959
17, 3.232
18, 3.393
19, 3.707
20, 3.791
21, 4.079
22, 4.239
22, 4.407
21, 4.631
20, 4.694
19, 4.694
18, 4.694
17, 4.680
16, 4.589
15, 4.582
14, 4.407
13, 4.337
12, 4.197
11, 3.812
10, 3.617
9, 3.267
8, 3.022
7, 2.826
6, 2.518
5, 2.378
4, 2.042
3, 1.874
2, 1.679
1, 1.287
0, 1.154
-1, 0.839
-2, 0.622
-3, 0.566
-4, 0.224
-5, 0.042
-6, -0.217
-7, -0.378
-8, -0.609
-9, -1.063
-10, -1.196
-11, -1.469
-12, -1.651
-13, -1.728
-14, -1.979
-15, -2.154
-16, -2.518
-17, -2.735
-18, -2.861
-19, -3.141
-20, -3.302
-21, -3.631
-22, -3.778
-22, -3.910
-21, -4.254
-20, -4.344
-19, -4.330
-18, -4.323
-17, -4.316
-16, -4.254
-15, -3.931
-14, -3.631
-13, -3.519
-12, -3.302
-11, -2.945
-10, -2.791
-9, -2.462
-8, -2.385
-7, -2.280
-6, -1.868
-5, -1.798
-4, -1.469
-3, -1.336
-2, -1.154
-1, -0.741
0, -0.531
0, -0.238
1, -0.098
2, 0.007
3, 0.175
4, 0.252
5, 0.595
6, 0.665
7, 0.881
8, 1.259
9, 1.364
10, 1.707
11, 1.882
12, 1.952
13, 2.315
14, 2.518
15, 2.623
16, 2.924
17, 3.162
18, 3.519
19, 3.638
20, 3.770
21, 4.064
22, 4.190
22, 4.491
21, 4.610
20, 4.701
19, 4.701
18, 4.701
17, 4.666
16, 4.603
15, 4.582
14, 4.429
13, 4.372
12, 4.015
11, 3.742
10, 3.631
9, 3.295
8, 3.015
7, 2.686
6, 2.581
5, 2.392
4, 2.021
3, 1.846
2, 1.504
1, 1.301
0, 1.168
-1, 0.811
-2, 0.636
-3, 0.364
-4, 0.203
-5, 0.056
-6, -0.259
-7, -0.357
-8, -0.755
-9, -1.077
-10, -1.168
-11, -1.483
-12, -1.651
-13, -1.896
-14, -1.986
-15, -2.238
-16, -2.574
-17, -2.714
-18, -3.029
-19, -3.218
-20, -3.337
-21, -3.694
-22, -3.806
-22, -4.120
-21, -4.330
-20, -4.436
-19, -4.429
-18, -4.429
-17, -4.401
-16, -4.352
-15, -4.058
-14, -3.757
-13, -3.638
-12, -3.267
-11, -3.064
-10, -2.924
-9, -2.588
-8, -2.504
-7, -2.182
-6, -1.980
-5, -1.910
-4, -1.574
-3, -1.469
-2, -1.070
-1, -0.902
0, -0.699
0, -0.343
1, -0.273
2, -0.091
3, -0.021
4, 0.133
5, 0.462
6, 0.532
7, 0.951
8, 1.126
9, 1.238
10, 1.539
11, 1.756
12, 2.091
13, 2.210
14, 2.371
15, 2.686
16, 2.812
17, 3.211
18, 3.442
19, 3.539
20, 3.847
21, 3.917
22, 4.295
22, 4.449
21, 4.568
20, 4.666
19, 4.673
18, 4.659
17, 4.659
16, 4.638
15, 4.568
14, 4.484
13, 4.302
12, 4.120
11, 3.833
10, 3.540
9, 3.365
8, 2.931
7, 2.735
6, 2.644
5, 2.280
4, 2.203
3, 1.805
2, 1.546
1, 1.364
0, 1.056
-1, 0.916
-2, 0.566
-3, 0.469
-4, 0.154
-5, -0.014
-6, -0.133
-7, -0.434
-8, -0.678
-9, -1.105
-10, -1.238
-11, -1.350
-12, -1.700
-13, -1.840
-14, -1.889
-15, -2.217
-16, -2.406
-17, -2.721
-18, -2.910
-19, -3.029
-20, -3.337
-21, -3.470
-22, -3.813
-22, -3.945
-21, -4.275
-20, -4.358
-19, -4.344
-18, -4.323
-17, -4.316
-16, -4.148
-15, -3.848
-14, -3.778
-13, -3.442
-12, -3.295
-11, -2.889
-10, -2.728
-9, -2.574
-8, -2.315
-7, -2.210
-6, -1.833
-5, -1.749
-4, -1.616
-3, -1.294
-2, -1.105
-1, -0.720
0, -0.461
0, -0.350
1, -0.063
2, 0.021
3, 0.203
4, 0.315
5, 0.441
6, 0.749
7, 0.923
8, 1.126
9, 1.476
10, 1.532
11, 1.903
12, 2.021
13, 2.203
14, 2.497
15, 2.637
16, 2.994
17, 3.246
18, 3.400
19, 3.700
20, 3.777
21, 4.079
22, 4.274
22, 4.526
21, 4.701
20, 4.729
19, 4.729
18, 4.729
17, 4.701
16, 4.639
15, 4.632
14, 4.477
13, 4.421
12, 4.072
11, 3.792
10, 3.693
9, 3.316
8, 3.057
7, 2.756
6, 2.644
5, 2.448
4, 2.091
3, 1.965
2, 1.560
1, 1.343
0, 1.266
-1, 0.895
-2, 0.692
-3, 0.469
-4, 0.308
-5, 0.168
-6, -0.168
-7, -0.315
-8, -0.720
-9, -1.007
-10, -1.063
-11, -1.427
-12, -1.574
-13, -1.672
-14, -1.917
-15, -2.098
-16, -2.497
-17, -2.686
-18, -2.805
-19, -3.106
-20, -3.274
-21, -3.617
-22, -3.785
-22, -3.882
-21, -4.225
-20, -4.330
-19, -4.316
-18, -4.309
-17, -4.309
-16, -4.288
-15, -3.938
-14, -3.638
-13, -3.512
-12, -3.302
-11, -2.959
-10, -2.819
-9, -2.455
-8, -2.378
-7, -2.252
-6, -1.840
-5, -1.776
-4, -1.455
-3, -1.322
-2, -1.189
-1, -0.783
0, -0.517
0, -0.224
1, -0.140
2, -0.014
3, 0.140
4, 0.259
5, 0.588
6, 0.658
7, 0.895
8, 1.280
9, 1.371
10, 1.735
11, 1.903
12, 1.980
13, 2.336
14, 2.504
15, 2.784
16, 2.931
17, 3.106
18, 3.512
19, 3.624
20, 3.917
21, 4.001
22, 4.162
22, 4.512
21, 4.603
20, 4.680
19, 4.701
18, 4.701
17, 4.680
16, 4.645
15, 4.618
14, 4.512
13, 4.484
12, 4.169
11, 3.841
10, 3.547
9, 3.393
8, 3.155
7, 2.749
6, 2.651
5, 2.301
4, 2.105
3, 2.021
2, 1.609
1, 1.399
0, 1.105
-1, 0.930
-2, 0.615
-3, 0.462
-4, 0.329
-5, -0.007
-6, -0.133
-7, -0.392
-8, -0.651
-9, -0.965
-10, -1.259
-11, -1.378
-12, -1.504
-13, -1.805
-14, -1.889
-15, -2.259
-16, -2.462
-17, -2.735
-18, -2.917
-19, -3.057
-20, -3.379
-21, -3.491
-22, -3.813
-22, -3.981
-21, -4.127
-20, -4.344
-19, -4.330
-18, -4.323
-17, -4.309
-16, -4.302
-15, -3.806
-14, -3.693
-13, -3.400
-12, -3.218
-11, -3.043
-10, -2.658
-9, -2.483
-8, -2.280
-7, -2.161
-6, -1.937
-5, -1.707
-4, -1.539
-3, -1.252
-2, -1.035
-1, -0.839
0, -0.461
0, -0.308
1, -0.021
2, 0.049
3, 0.070
4, 0.406
5, 0.560
6, 0.658
7, 1.014
8, 1.189
9, 1.532
10, 1.644
11, 1.777
12, 2.182
13, 2.252
14, 2.623
15, 2.756
16, 3.050
17, 3.295
18, 3.477
19, 3.785
20, 3.869
21, 4.176
22, 4.379
22, 4.505
21, 4.722
20, 4.778
19, 4.778
18, 4.778
17, 4.778
16, 4.680
15, 4.673
14, 4.519
13, 4.464
12, 4.302
11, 3.869
10, 3.700
9, 3.323
8, 3.071
7, 2.917
6, 2.658
5, 2.483
4, 2.140
3, 2.021
2, 1.812
1, 1.420
0, 1.301
-1, 0.951
-2, 0.755
-3, 0.699
-4, 0.378
-5, 0.196
-6, -0.098
-7, -0.259
-8, -0.469
-9, -0.916
-10, -1.042
-11, -1.336
-12, -1.567
-13, -1.602
-14, -1.854
-15, -2.035
-16, -2.378
-17, -2.553
-18, -2.714
-19, -3.015
-20, -3.190
-21, -3.505
-22, -3.666
-22, -3.756
-21, -4.120
-20, -4.239
-19, -4.211
-18, -4.211
-17, -4.211
-16, -4.204
-15, -3.819
-14, -3.526
-13, -3.428
-12, -3.211
-11, -2.854
-10, -2.721
-9, -2.378
-8, -2.280
-7, -2.182
-6, -1.777
-5, -1.706
-4, -1.399
-3, -1.280
-2, -1.133
-1, -0.748
0, -0.503
0, -0.161
1, -0.049
2, 0.063
3, 0.210
4, 0.273
5, 0.609
6, 0.735
7, 0.867
8, 1.287
9, 1.392
10, 1.749
11, 1.910
12, 2.001
13, 2.343
14, 2.518
15, 2.819
16, 3.015
17, 3.162
18, 3.533
19, 3.645
20, 3.945
21, 4.058
22, 4.233
22, 4.526
21, 4.610
20, 4.736
19, 4.736
18, 4.743
17, 4.715
16, 4.680
15, 4.652
14, 4.554
13, 4.372
12, 4.106
11, 3.903
10, 3.575
9, 3.365
8, 2.973
7, 2.763
6, 2.686
5, 2.329
4, 2.189
3, 1.847
2, 1.623
1, 1.483
0, 1.126
-1, 0.937
-2, 0.622
-3, 0.490
-4, 0.329
-5, -0.000
-6, -0.175
-7, -0.224
-8, -0.588
-9, -0.902
-10, -1.252
-11, -1.427
-12, -1.539
-13, -1.833
-14, -1.896
-15, -2.280
-16, -2.462
-17, -2.588
-18, -2.931
-19, -3.071
-20, -3.407
-21, -3.582
-22, -3.714
-22, -3.987
-21, -4.148
-20, -4.358
-19, -4.344
-18, -4.330
-17, -4.323
-16, -4.316
-15, -3.820
-14, -3.714
-13, -3.442
-12, -3.239
-11, -3.092
-10, -2.735
-9, -2.609
-8, -2.350
-7, -2.210
-6, -2.007
-5, -1.748
-4, -1.602
-3, -1.329
-2, -1.098
-1, -0.923
0, -0.434
0, -0.322
1, -0.217
2, -0.042
3, -0.007
4, 0.357
5, 0.518
6, 0.567
7, 0.909
8, 1.112
9, 1.469
10, 1.588
11, 1.672
12, 2.050
13, 2.141
14, 2.539
15, 2.658
16, 2.798
17, 3.155
18, 3.414
19, 3.707
20, 3.834
21, 3.938
22, 4.323
22, 4.477
21, 4.708
20, 4.736
19, 4.743
18, 4.729
17, 4.729
16, 4.632
15, 4.673
14, 4.554
13, 4.408
12, 4.219
11, 3.778
10, 3.582
9, 3.442
8, 3.057
7, 2.791
6, 2.525
5, 2.343
4, 2.217
3, 1.875
2, 1.665
1, 1.287
0, 1.147
-1, 1.007
-2, 0.595
-3, 0.504
-4, 0.196
-5, -0.014
-6, -0.126
-7, -0.420
-8, -0.671
-9, -1.105
-10, -1.245
-11, -1.336
-12, -1.679
-13, -1.756
-14, -2.021
-15, -2.266
-16, -2.378
-17, -2.707
-18, -2.889
-19, -3.169
-20, -3.344
-21, -3.519
-22, -3.834
-22, -3.945
-21, -4.288
-20, -4.365
-19, -4.365
-18, -4.330
-17, -4.323
-16, -4.239
-15, -3.855
-14, -3.777
-13, -3.455
-12, -3.295
-11, -2.910
-10, -2.798
-9, -2.588
-8, -2.315
-7, -2.252
-6, -1.860
-5, -1.804
-4, -1.637
-3, -1.329
-2, -1.140
-1, -0.762
0, -0.510
0, -0.322
1, -0.091
2, 0.000
3, 0.175
4, 0.301
5, 0.441
6, 0.714
7, 0.923
8, 1.308
9, 1.378
10, 1.518
11, 1.875
12, 2.015
13, 2.329
14, 2.434
15, 2.602
16, 2.938
17, 3.141
18, 3.526
19, 3.631
20, 3.917
21, 4.058
22, 4.233
22, 4.512
21, 4.639
20, 4.708
19, 4.715
18, 4.708
17, 4.673
16, 4.604
15, 4.597
14, 4.457
13, 4.415
12, 4.079
11, 3.820
10, 3.680
9, 3.323
8, 3.071
7, 2.721
6, 2.623
5, 2.434
4, 2.091
3, 1.993
2, 1.574
1, 1.357
0, 1.238
-1, 0.888
-2, 0.706
-3, 0.455
-4, 0.280
-5, 0.154
-6, -0.161
-7, -0.294
-8, -0.678
-9, -1.000
-10, -1.077
-11, -1.378
-12, -1.546
-13, -1.777
-14, -1.867
-15, -2.070
-16, -2.455
-17, -2.602
-18, -2.889
-19, -3.022
-20, -3.155
-21, -3.526
-22, -3.603
-22, -3.945
-21, -4.099
-20, -4.274
-19, -4.260
-18, -4.253
-17, -4.239
-16, -4.169
-15, -3.848
-14, -3.631
-13, -3.483
-12, -3.099
-11, -2.889
-10, -2.777
-9, -2.406
-8, -2.329
-7, -2.042
-6, -1.853
-5, -1.749
-4, -1.434
-3, -1.336
-2, -0.923
-1, -0.727
0, -0.489
0, -0.182
1, -0.105
2, 0.077
3, 0.168
4, 0.301
5, 0.616
6, 0.735
7, 1.091
8, 1.308
9, 1.406
10, 1.735
11, 1.896
12, 2.245
13, 2.343
14, 2.497
15, 2.819
16, 2.959
17, 3.358
18, 3.554
19, 3.673
20, 3.931
21, 4.037
22, 4.414
22, 4.519
21, 4.639
20, 4.778
19, 4.778
18, 4.771
17, 4.771
16, 4.687
15, 4.722
14, 4.611
13, 4.436
12, 4.254
11, 3.834
10, 3.631
9, 3.519
8, 3.057
7, 2.868
6, 2.567
5, 2.385
4, 2.259
3, 1.868
2, 1.672
1, 1.497
0, 1.147
-1, 0.993
-2, 0.671
-3, 0.525
-4, 0.406
-5, 0.035
-6, -0.098
-7, -0.350
-8, -0.685
-9, -0.867
-10, -1.161
-11, -1.294
-12, -1.623
-13, -1.742
-14, -1.833
-15, -2.245
-16, -2.406
-17, -2.700
-18, -2.861
-19, -2.994
-20, -3.337
-21, -3.477
-22, -3.778
-22, -3.924
-21, -4.092
-20, -4.309
-19, -4.302
-18, -4.281
-17, -4.281
-16, -4.240
-15, -3.813
-14, -3.721
-13, -3.407
-12, -3.183
-11, -3.050
-10, -2.693
-9, -2.574
-8, -2.273
-7, -2.161
-6, -1.944
-5, -1.700
-4, -1.525
-3, -1.266
-2, -1.063
-1, -0.860
0, -0.454
0, -0.315
1, -0.007
2, 0.035
3, 0.042
4, 0.378
5, 0.490
6, 0.791
7, 0.993
8, 1.154
9, 1.511
10, 1.574
11, 1.966
12, 2.099
13, 2.210
14, 2.574
15, 2.714
16, 3.029
17, 3.281
18, 3.449
19, 3.757
20, 3.855
21, 4.155
22, 4.316
22, 4.464
21, 4.673
20, 4.757
19, 4.757
18, 4.750
17, 4.743
16, 4.652
15, 4.652
14, 4.484
13, 4.436
12, 4.261
11, 3.827
10, 3.617
9, 3.267
8, 3.008
7, 2.854
6, 2.511
5, 2.350
4, 2.238
3, 1.861
2, 1.686
1, 1.301
0, 1.154
-1, 1.007
-2, 0.651
-3, 0.567
-4, 0.238
-5, 0.049
-6, -0.196
-7, -0.357
-8, -0.594
-9, -1.049
-10, -1.189
-11, -1.483
-12, -1.637
-13, -1.721
-14, -1.986
-15, -2.245
-16, -2.532
-17, -2.749
-18, -2.847
-19, -3.169
-20, -3.337
-21, -3.666
-22, -3.827
-22, -3.917
-21, -4.288
-20, -4.386
-19, -4.365
-18, -4.372
-17, -4.365
-16, -4.344
-15, -3.987
-14, -3.693
-13, -3.575
-12, -3.365
-11, -3.008
-10, -2.889
-9, -2.525
-8, -2.413
-7, -2.329
-6, -1.903
-5, -1.853
-4, -1.532
-3, -1.392
-2, -1.245
-1, -0.839
0, -0.608
0, -0.301
1, -0.203
2, -0.070
3, 0.084
4, 0.189
5, 0.525
6, 0.567
7, 0.791
8, 1.196
9, 1.273
10, 1.616
11, 1.728
12, 1.882
13, 2.224
14, 2.343
15, 2.693
16, 2.819
17, 3.029
18, 3.449
19, 3.547
20, 3.848
21, 3.987
22, 4.106
22, 4.435
21, 4.582
20, 4.659
19, 4.652
18, 4.645
17, 4.603
16, 4.547
15, 4.533
14, 4.379
13, 4.323
12, 3.987
11, 3.700
10, 3.428
9, 3.232
8, 2.938
7, 2.616
6, 2.476
5, 2.329
4, 2.000
3, 1.895
2, 1.448
1, 1.266
0, 1.147
-1, 0.783
-2, 0.608
-3, 0.343
-4, 0.196
-5, 0.042
-6, -0.294
-7, -0.392
-8, -0.776
-9, -1.112
-10, -1.357
-11, -1.497
-12, -1.637
-13, -1.917
-14, -2.021
-15, -2.406
-16, -2.574
-17, -2.700
-18, -3.043
-19, -3.162
-20, -3.505
-21, -3.701
-22, -3.778
-22, -4.113
-21, -4.268
-20, -4.443
-19, -4.422
-18, -4.422
-17, -4.401
-16, -4.373
-15, -3.896
-14, -3.799
-13, -3.645
-12, -3.295
-11, -3.078
-10, -2.756
-9, -2.567
-8, -2.511
-7, -2.217
-6, -1.993
-5, -1.784
-4, -1.595
-3, -1.525
-2, -1.161
-1, -0.944
0, -0.496
0, -0.398
1, -0.273
2, -0.084
3, -0.049
4, 0.301
5, 0.427
6, 0.504
7, 0.909
8, 1.098
9, 1.406
10, 1.525
11, 1.672
12, 2.064
13, 2.196
14, 2.511
15, 2.658
16, 2.777
17, 3.099
18, 3.379
19, 3.666
20, 3.757
21, 3.876
22, 4.162
22, 4.393
21, 4.610
20, 4.652
19, 4.652
18, 4.646
17, 4.652
16, 4.554
15, 4.590
14, 4.484
13, 4.344
12, 4.141
11, 3.729
10, 3.498
9, 3.344
8, 2.931
7, 2.742
6, 2.462
5, 2.308
4, 2.182
3, 1.763
2, 1.525
1, 1.238
0, 1.112
-1, 0.965
-2, 0.574
-3, 0.504
-4, 0.189
-5, 0.028
-6, -0.119
-7, -0.406
-8, -0.644
-9, -1.091
-10, -1.217
-11, -1.343
-12, -1.686
-13, -1.784
-14, -2.014
-15, -2.280
-16, -2.378
-17, -2.714
-18, -2.889
-19, -3.197
-20, -3.344
-21, -3.526
-22, -3.848
-22, -3.973
-21, -4.316
-20, -4.379
-19, -4.379
-18, -4.358
-17, -4.351
-16, -4.330
-15, -3.903
-14, -3.659
-13, -3.505
-12, -3.330
-11, -2.938
-10, -2.812
-9, -2.665
-8, -2.399
-7, -2.329
-6, -1.909
-5, -1.770
-4, -1.665
-3, -1.364
-2, -1.203
-1, -0.790
0, -0.510
0, -0.357
1, -0.105
2, -0.035
3, 0.140
4, 0.238
5, 0.413
6, 0.686
7, 0.833
8, 1.217
9, 1.350
10, 1.462
11, 1.833
12, 1.931
13, 2.273
14, 2.483
15, 2.588
16, 2.910
17, 3.092
18, 3.470
19, 3.603
20, 3.715
21, 4.002
22, 4.155
22, 4.457
21, 4.618
20, 4.659
19, 4.659
18, 4.659
17, 4.618
16, 4.569
15, 4.562
14, 4.408
13, 4.337
12, 3.974
11, 3.729
10, 3.589
9, 3.253
8, 3.001
7, 2.644
6, 2.490
5, 2.343
4, 1.986
3, 1.875
2, 1.483
1, 1.252
0, 1.133
-1, 0.804
-2, 0.595
-3, 0.343
-4, 0.196
-5, 0.035
-6, -0.280
-7, -0.427
-8, -0.790
-9, -1.077
-10, -1.196
-11, -1.518
-12, -1.700
-13, -1.937
-14, -2.028
-15, -2.420
-16, -2.602
-17, -2.742
-18, -3.043
-19, -3.190
-20, -3.337
-21, -3.721
-22, -3.841
-22, -4.127
-21, -4.302
-20, -4.464
-19, -4.442
-18, -4.450
-17, -4.443
-16, -4.337
-15, -3.938
-14, -3.827
-13, -3.707
-12, -3.309
-11, -3.085
-10, -2.987
-9, -2.658
-8, -2.567
-7, -2.273
-6, -2.063
-5, -2.028
-4, -1.721
-3, -1.560
-2, -1.196
-1, -0.972
0, -0.748
0, -0.433
1, -0.371
2, -0.175
3, -0.091
4, 0.049
5, 0.357
6, 0.434
7, 0.854
8, 1.028
9, 1.147
10, 1.469
11, 1.637
12, 1.987
13, 2.077
14, 2.231
15, 2.574
16, 2.714
17, 3.113
18, 3.288
19, 3.582
20, 3.722
21, 3.820
22, 4.218
22, 4.358
21, 4.582
20, 4.596
19, 4.596
18, 4.589
17, 4.589
16, 4.554
15, 4.512
14, 4.408
13, 4.226
12, 4.002
11, 3.771
10, 3.463
9, 3.302
8, 2.896
7, 2.693
6, 2.588
5, 2.231
4, 2.091
3, 1.742
2, 1.497
1, 1.385
0, 1.042
-1, 0.867
-2, 0.553
-3, 0.455
-4, 0.273
-5, -0.070
-6, -0.217
-7, -0.511
-8, -0.755
-9, -0.958
-10, -1.252
-11, -1.364
-12, -1.714
-13, -1.833
-14, -1.923
-15, -2.238
-16, -2.448
-17, -2.763
-18, -2.910
-19, -3.064
-20, -3.400
-21, -3.575
-22, -3.827
-22, -3.973
-21, -4.127
-20, -4.351
-19, -4.344
-18, -4.330
-17, -4.316
-16, -4.275
-15, -3.806
-14, -3.714
-13, -3.568
-12, -3.218
-11, -2.966
-10, -2.665
-9, -2.490
-8, -2.413
-7, -2.161
-6, -1.930
-5, -1.685
-4, -1.532
-3, -1.420
-2, -1.049
-1, -0.860
0, -0.405
0, -0.308
1, -0.189
2, 0.007
3, 0.049
4, 0.413
5, 0.532
6, 0.595
7, 1.049
8, 1.189
9, 1.504
10, 1.644
11, 1.777
12, 2.112
13, 2.182
14, 2.574
15, 2.714
16, 2.833
17, 3.218
18, 3.428
19, 3.722
20, 3.855
21, 3.959
22, 4.316
22, 4.457
21, 4.708
20, 4.729
19, 4.729
18, 4.729
17, 4.722
16, 4.632
15, 4.673
14, 4.554
13, 4.386
12, 4.190
11, 3.827
10, 3.603
9, 3.449
8, 3.008
7, 2.791
6, 2.525
5, 2.357
4, 2.245
3, 1.861
2, 1.658
1, 1.322
0, 1.175
-1, 1.028
-2, 0.657
-3, 0.573
-4, 0.259
-5, 0.091
-6, -0.028
-7, -0.322
-8, -0.574
-9, -1.000
-10, -1.126
-11, -1.231
-12, -1.574
-13, -1.672
-14, -1.910
-15, -2.175
-16, -2.294
-17, -2.588
-18, -2.763
-19, -3.071
-20, -3.253
-21, -3.393
-22, -3.714
-22, -3.827
-21, -4.155
-20, -4.247
-19, -4.232
-18, -4.204
-17, -4.197
-16, -4.009
-15, -3.742
-14, -3.652
-13, -3.330
-12, -3.120
-11, -2.805
-10, -2.672
-9, -2.525
-8, -2.203
-7, -2.147
-6, -1.742
-5, -1.665
-4, -1.532
-3, -1.224
-2, -1.014
-1, -0.657
0, -0.343
0, -0.238
1, 0.056
2, 0.133
3, 0.308
4, 0.378
5, 0.553
6, 0.846
7, 1.028
8, 1.399
9, 1.476
10, 1.609
11, 1.980
12, 2.078
13, 2.427
14, 2.616
15, 2.714
16, 3.043
17, 3.239
18, 3.631
19, 3.757
20, 3.876
21, 4.176
22, 4.316
22, 4.603
21, 4.722
20, 4.807
19, 4.807
18, 4.800
17, 4.793
16, 4.694
15, 4.730
14, 4.618
13, 4.464
12, 4.282
11, 3.855
10, 3.645
9, 3.512
8, 3.071
7, 2.875
6, 2.567
5, 2.406
4, 2.252
3, 1.917
2, 1.707
1, 1.336
0, 1.189
-1, 1.056
-2, 0.671
-3, 0.546
-4, 0.273
-5, 0.133
-6, -0.021
-7, -0.329
-8, -0.574
-9, -1.007
-10, -1.119
-11, -1.245
-12, -1.588
-13, -1.679
-14, -1.930
-15, -2.203
-16, -2.308
-17, -2.637
-18, -2.784
-19, -3.106
-20, -3.274
-21, -3.386
-22, -3.728
-22, -3.883
-21, -4.218
-20, -4.295
-19, -4.288
-18, -4.275
-17, -4.275
-16, -4.141
-15, -3.770
-14, -3.735
-13, -3.400
-12, -3.253
-11, -2.861
-10, -2.700
-9, -2.609
-8, -2.301
-7, -2.210
-6, -1.847
-5, -1.784
-4, -1.616
-3, -1.294
-2, -1.126
-1, -0.720
0, -0.447
0, -0.336
1, -0.042
2, 0.042
3, 0.189
4, 0.315
5, 0.462
6, 0.749
7, 0.937
8, 1.308
9, 1.413
10, 1.525
11, 1.889
12, 2.015
13, 2.343
14, 2.546
15, 2.644
16, 2.987
17, 3.176
18, 3.554
19, 3.673
20, 3.792
21, 4.093
22, 4.219
22, 4.533
21, 4.701
20, 4.743
19, 4.743
18, 4.736
17, 4.708
16, 4.645
15, 4.639
14, 4.464
13, 4.365
12, 4.079
11, 3.813
10, 3.652
9, 3.281
8, 3.057
7, 2.742
6, 2.609
5, 2.434
4, 2.049
3, 1.987
2, 1.532
1, 1.315
0, 1.217
-1, 0.860
-2, 0.706
-3, 0.420
-4, 0.252
-5, 0.112
-6, -0.203
-7, -0.308
-8, -0.727
-9, -1.035
-10, -1.119
-11, -1.427
-12, -1.602
-13, -1.853
-14, -1.951
-15, -2.119
-16, -2.525
-17, -2.609
-18, -2.959
-19, -3.113
-20, -3.260
-21, -3.589
-22, -3.680
-22, -4.050
-21, -4.239
-20, -4.372
-19, -4.358
-18, -4.351
-17, -4.337
-16, -4.239
-15, -3.980
-14, -3.659
-13, -3.574
-12, -3.197
-11, -2.966
-10, -2.868
-9, -2.504
-8, -2.448
-7, -2.140
-6, -1.937
-5, -1.860
-4, -1.566
-3, -1.448
-2, -1.077
-1, -0.825
0, -0.594
0, -0.293
1, -0.203
2, -0.028
3, 0.056
4, 0.196
5, 0.497
6, 0.553
7, 0.972
8, 1.154
9, 1.476
10, 1.588
11, 1.763
12, 2.127
13, 2.239
14, 2.413
15, 2.728
16, 2.854
17, 3.253
18, 3.477
19, 3.603
20, 3.883
21, 4.002
22, 4.379
22, 4.519
21, 4.625
20, 4.758
19, 4.772
18, 4.758
17, 4.751
16, 4.750
15, 4.652
14, 4.562
13, 4.373
12, 4.177
11, 3.903
10, 3.596
9, 3.456
8, 3.029
7, 2.819
6, 2.490
5, 2.329
4, 2.231
3, 1.847
2, 1.623
1, 1.294
0, 1.154
-1, 0.986
-2, 0.616
-3, 0.560
-4, 0.210
-5, 0.028
-6, -0.091
-7, -0.371
-8, -0.601
-9, -1.056
-10, -1.189
-11, -1.301
-12, -1.637
-13, -1.742
-14, -1.993
-15, -2.252
-16, -2.343
-17, -2.686
-18, -2.861
-19, -3.183
-20, -3.330
-21, -3.638
-22, -3.819
-22, -3.973
-21, -4.330
-20, -4.393
-19, -4.393
-18, -4.365
-17, -4.365
-16, -4.260
-15, -3.876
-14, -3.827
-13, -3.526
-12, -3.351
-11, -2.966
-10, -2.847
-9, -2.700
-8, -2.378
-7, -2.280
-6, -1.930
-5, -1.881
-4, -1.707
-3, -1.357
-2, -1.182
-1, -0.811
0, -0.559
0, -0.378
1, -0.112
2, -0.035
3, 0.119
4, 0.245
5, 0.427
6, 0.672
7, 0.839
8, 1.238
9, 1.371
10, 1.700
11, 1.868
12, 1.938
13, 2.294
14, 2.497
15, 2.602
16, 2.931
17, 3.113
18, 3.498
19, 3.638
20, 3.735
21, 4.036
22, 4.204
22, 4.498
21, 4.659
20, 4.701
19, 4.708
18, 4.701
17, 4.666
16, 4.617
15, 4.603
14, 4.450
13, 4.414
12, 4.036
11, 3.791
10, 3.666
9, 3.309
8, 3.050
7, 2.714
6, 2.616
5, 2.266
4, 2.056
3, 1.986
2, 1.525
1, 1.322
0, 1.056
-1, 0.874
-2, 0.699
-3, 0.427
-4, 0.252
-5, -0.035
-6, -0.196
-7, -0.308
-8, -0.713
-9, -1.007
-10, -1.287
-11, -1.441
-12, -1.567
-13, -1.861
-14, -1.952
-15, -2.322
-16, -2.455
-17, -2.623
-18, -2.987
-19, -3.127
-20, -3.456
-21, -3.624
-22, -3.721
-22, -4.072
-21, -4.275
-20, -4.414
-19, -4.393
-18, -4.386
-17, -4.379
-16, -4.351
-15, -3.848
-14, -3.749
-13, -3.631
-12, -3.295
-11, -3.057
-10, -2.749
-9, -2.546
-8, -2.511
-7, -2.245
-6, -1.986
-5, -1.798
-4, -1.651
-3, -1.518
-2, -1.161
-1, -0.951
0, -0.538
0, -0.420
1, -0.273
2, -0.091
3, -0.049
4, 0.301
5, 0.413
6, 0.504
7, 0.867
8, 1.070
9, 1.413
10, 1.532
11, 1.616
12, 2.008
13, 2.161
14, 2.476
15, 2.616
16, 2.742
17, 3.169
18, 3.344
19, 3.652
20, 3.770
21, 3.869
22, 4.218
22, 4.372
21, 4.631
20, 4.652
19, 4.659
18, 4.652
17, 4.659
16, 4.568
15, 4.596
14, 4.491
13, 4.330
12, 4.148
11, 3.714
10, 3.518
9, 3.393
8, 2.973
7, 2.770
6, 2.483
5, 2.301
4, 2.196
3, 1.804
2, 1.581
1, 1.245
0, 1.098
-1, 0.937
-2, 0.566
-3, 0.455
-4, 0.161
-5, -0.000
-6, -0.133
-7, -0.427
-8, -0.679
-9, -1.119
-10, -1.259
-11, -1.357
-12, -1.714
-13, -1.826
-14, -2.042
-15, -2.280
-16, -2.427
-17, -2.777
-18, -2.931
-19, -3.218
-20, -3.407
-21, -3.540
-22, -3.883
-22, -3.988
-21, -4.344
-20, -4.422
-19, -4.415
-18, -4.401
-17, -4.401
-16, -4.316
-15, -3.924
-14, -3.834
-13, -3.512
-12, -3.365
-11, -2.987
-10, -2.819
-9, -2.707
-8, -2.406
-7, -2.294
-6, -1.944
-5, -1.860
-4, -1.707
-3, -1.371
-2, -1.224
-1, -1.000
0, -0.538
0, -0.406
1, -0.133
2, -0.077
3, -0.077
4, 0.210
5, 0.392
6, 0.686
7, 0.868
8, 1.238
9, 1.329
10, 1.448
11, 1.833
12, 1.966
13, 2.273
14, 2.511
15, 2.637
16, 2.945
17, 3.211
18, 3.372
19, 3.652
20, 3.757
21, 4.079
22, 4.261
22, 4.408
21, 4.680
20, 4.701
19, 4.701
18, 4.694
17, 4.687
16, 4.597
15, 4.576
14, 4.408
13, 4.345
12, 4.198
11, 3.771
10, 3.589
9, 3.232
8, 2.973
7, 2.854
6, 2.546
5, 2.392
4, 2.042
3, 1.903
2, 1.644
1, 1.308
0, 1.168
-1, 0.853
-2, 0.665
-3, 0.616
-4, 0.280
-5, 0.126
-6, -0.161
-7, -0.322
-8, -0.545
-9, -0.972
-10, -1.098
-11, -1.413
-12, -1.588
-13, -1.658
-14, -1.916
-15, -2.168
-16, -2.455
-17, -2.672
-18, -2.798
-19, -3.120
-20, -3.274
-21, -3.462
-22, -3.791
-22, -3.889
-21, -4.232
-20, -4.316
-19, -4.309
-18, -4.288
-17, -4.281
-16, -4.232
-15, -3.826
-14, -3.728
-13, -3.400
-12, -3.260
-11, -2.896
-10, -2.714
-9, -2.574
-8, -2.308
-7, -2.231
-6, -1.818
-5, -1.741
-4, -1.587
-3, -1.266
-2, -1.098
-1, -0.741
0, -0.503
0, -0.315
1, -0.091
2, 0.049
3, 0.196
4, 0.287
5, 0.630
6, 0.679
7, 0.895
8, 1.308
9, 1.378
10, 1.749
11, 1.910
12, 2.008
13, 2.364
14, 2.525
15, 2.623
16, 2.945
17, 3.127
18, 3.533
19, 3.645
20, 3.903
21, 4.023
22, 4.170
22, 4.498
21, 4.604
20, 4.694
19, 4.694
18, 4.680
17, 4.652
16, 4.590
15, 4.632
14, 4.498
13, 4.457
12, 4.065
11, 3.771
10, 3.645
9, 3.281
8, 3.029
7, 2.700
6, 2.602
5, 2.252
4, 2.056
3, 1.938
2, 1.490
1, 1.336
0, 1.063
-1, 0.874
-2, 0.700
-3, 0.406
-4, 0.259
-5, -0.070
-6, -0.203
-7, -0.294
-8, -0.713
-9, -0.965
-10, -1.266
-11, -1.413
-12, -1.574
-13, -1.839
-14, -1.923
-15, -2.329
-16, -2.504
-17, -2.609
-18, -2.966
-19, -3.120
-20, -3.267
-21, -3.596
-22, -3.749
-22, -4.057
-21, -4.218
-20, -4.393
-19, -4.372
-18, -4.365
-17, -4.358
-16, -4.282
-15, -4.008
-14, -3.735
-13, -3.610
-12, -3.197
-11, -2.959
-10, -2.889
-9, -2.539
-8, -2.448
-7, -2.147
-6, -1.944
-5, -1.727
-4, -1.546
-3, -1.455
-2, -1.084
-1, -0.867
0, -0.440
0, -0.336
1, -0.217
2, -0.035
3, 0.021
4, 0.364
5, 0.490
6, 0.560
7, 0.958
8, 1.126
9, 1.490
10, 1.602
11, 1.735
12, 2.126
13, 2.280
14, 2.392
15, 2.714
16, 2.854
17, 3.246
18, 3.400
19, 3.561
20, 3.848
21, 3.931
22, 4.309
22, 4.429
21, 4.673
20, 4.701
19, 4.701
18, 4.687
17, 4.694
16, 4.604
15, 4.652
14, 4.512
13, 4.365
12, 4.162
11, 3.757
10, 3.526
9, 3.421
8, 2.980
7, 2.770
6, 2.504
5, 2.329
4, 2.210
3, 1.833
2, 1.602
1, 1.259
0, 1.147
-1, 1.000
-2, 0.602
-3, 0.511
-4, 0.196
-5, 0.035
-6, -0.105
-7, -0.406
-8, -0.615
-9, -1.063
-10, -1.182
-11, -1.308
-12, -1.651
-13, -1.756
-14, -1.986
-15, -2.266
-16, -2.406
-17, -2.707
-18, -2.861
-19, -3.176
-20, -3.379
-21, -3.512
-22, -3.834
-22, -3.980
-21, -4.330
-20, -4.393
-19, -4.393
-18, -4.365
-17, -4.365
-16, -4.253
-15, -3.917
-14, -3.819
-13, -3.490
-12, -3.337
-11, -2.952
-10, -2.847
-9, -2.707
-8, -2.399
-7, -2.315
-6, -1.909
-5, -1.832
-4, -1.686
-3, -1.385
-2, -1.238
-1, -0.818
0, -0.566
0, -0.399
1, -0.133
2, -0.042
3, 0.105
4, 0.203
5, 0.385
6, 0.686
7, 0.874
8, 1.252
9, 1.357
10, 1.483
11, 1.833
12, 1.959
13, 2.287
14, 2.427
15, 2.609
16, 2.931
17, 3.141
18, 3.526
19, 3.701
20, 3.750
21, 4.016
22, 4.197
22, 4.498
21, 4.639
20, 4.687
19, 4.694
18, 4.694
17, 4.659
16, 4.625
15, 4.604
14, 4.443
13, 4.387
12, 4.037
11, 3.792
10, 3.631
9, 3.288
8, 3.043
7, 2.700
6, 2.574
5, 2.413
4, 2.070
3, 1.987
2, 1.560
1, 1.343
0, 1.217
-1, 0.867
-2, 0.699
-3, 0.406
-4, 0.259
-5, 0.119
-6, -0.203
-7, -0.329
-8, -0.706
-9, -1.028
-10, -1.126
-11, -1.441
-12, -1.602
-13, -1.847
-14, -1.958
-15, -2.182
-16, -2.497
-17, -2.644
-18, -2.980
-19, -3.141
-20, -3.274
-21, -3.617
-22, -3.707
-22, -4.058
-21, -4.260
-20, -4.365
-19, -4.344
-18, -4.344
-17, -4.330
-16, -4.254
-15, -3.966
-14, -3.659
-13, -3.575
-12, -3.197
-11, -2.994
-10, -2.861
-9, -2.490
-8, -2.427
-7, -2.119
-6, -1.923
-5, -1.700
-4, -1.539
-3, -1.406
-2, -1.049
-1, -0.839
0, -0.629
0, -0.273
1, -0.182
2, 0.000
3, 0.056
4, 0.224
5, 0.567
6, 0.644
7, 1.049
8, 1.224
9, 1.322
10, 1.686
11, 1.854
12, 2.182
13, 2.294
14, 2.469
15, 2.756
16, 2.924
17, 3.316
18, 3.512
19, 3.596
20, 3.890
21, 4.002
22, 4.372
22, 4.512
21, 4.575
20, 4.722
19, 4.729
18, 4.729
17, 4.729
16, 4.694
15, 4.645
14, 4.541
13, 4.344
12, 4.141
11, 3.890
10, 3.568
9, 3.435
8, 2.994
7, 2.791
6, 2.700
5, 2.329
4, 2.175
3, 1.847
2, 1.637
1, 1.490
0, 1.126
-1, 0.972
-2, 0.630
-3, 0.511
-4, 0.357
-5, 0.014
-6, -0.091
-7, -0.413
-8, -0.699
-9, -0.902
-10, -1.238
-11, -1.336
-12, -1.686
-13, -1.812
-14, -1.902
-15, -2.301
-16, -2.462
-17, -2.770
-18, -2.917
-19, -3.043
-20, -3.393
-21, -3.561
-22, -3.848
-22, -4.029
-21, -4.169
-20, -4.393
-19, -4.379
-18, -4.365
-17, -4.358
-16, -4.337
-15, -3.890
-14, -3.784
-13, -3.442
-12, -3.274
-11, -3.127
-10, -2.770
-9, -2.658
-8, -2.350
-7, -2.196
-6, -1.979
-5, -1.762
-4, -1.609
-3, -1.294
-2, -1.189
-1, -0.958
0, -0.517
0, -0.384
1, -0.063
2, 0.000
3, 0.007
4, 0.357
5, 0.469
6, 0.756
7, 0.972
8, 1.119
9, 1.448
10, 1.546
11, 1.938
12, 2.113
13, 2.259
14, 2.574
15, 2.728
16, 2.819
17, 3.204
18, 3.428
19, 3.743
20, 3.869
21, 3.973
22, 4.351
22, 4.457
21, 4.708
20, 4.743
19, 4.743
18, 4.736
17, 4.736
16, 4.659
15, 4.687
14, 4.505
13, 4.422
12, 4.261
11, 3.876
10, 3.659
9, 3.288
8, 3.008
7, 2.882
6, 2.574
5, 2.427
4, 2.098
3, 1.972
2, 1.763
1, 1.378
0, 1.252
-1, 0.902
-2, 0.685
-3, 0.650
-4, 0.308
-5, 0.126
-6, -0.126
-7, -0.287
-8, -0.525
-9, -0.979
-10, -1.112
-11, -1.378
-12, -1.567
-13, -1.651
-14, -1.903
-15, -2.126
-16, -2.280
-17, -2.623
-18, -2.791
-19, -3.078
-20, -3.267
-21, -3.575
-22, -3.707
-22, -3.827
-21, -4.190
-20, -4.281
-19, -4.253
-18, -4.253
-17, -4.239
-16, -4.226
-15, -3.812
-14, -3.686
-13, -3.386
-12, -3.211
-11, -2.819
-10, -2.714
-9, -2.546
-8, -2.266
-7, -2.133
-6, -1.749
-5, -1.699
-4, -1.378
-3, -1.245
-2, -1.049
-1, -0.643
0, -0.391
0, -0.231
1, 0.049
2, 0.105
3, 0.287
4, 0.434
5, 0.553
6, 0.847
7, 1.070
8, 1.413
9, 1.518
10, 1.637
11, 2.029
12, 2.169
13, 2.448
14, 2.595
15, 2.728
16, 3.085
17, 3.295
18, 3.666
19, 3.792
20, 3.890
21, 4.205
22, 4.337
22, 4.652
21, 4.813
20, 4.855
19, 4.855
18, 4.855
17, 4.813
16, 4.758
15, 4.744
14, 4.597
13, 4.548
12, 4.191
11, 3.953
10, 3.666
9, 3.442
8, 3.162
7, 2.847
6, 2.735
5, 2.378
4, 2.175
3, 2.105
2, 1.539
1, 1.378
0, 1.126
-1, 0.909
-2, 0.762
-3, 0.483
-4, 0.322
-5, 0.182
-6, -0.161
-7, -0.294
-8, -0.706
-9, -0.993
-10, -1.112
-11, -1.434
-12, -1.588
-13, -1.839
-14, -1.958
-15, -2.182
-16, -2.518
-17, -2.721
-18, -3.001
-19, -3.162
-20, -3.302
-21, -3.659
-22, -3.791
-22, -4.092
-21, -4.281
-20, -4.414
-19, -4.393
-18, -4.393
-17, -4.386
-16, -4.281
-15, -4.029
-14, -3.721
-13, -3.638
-12, -3.246
-11, -3.099
-10, -2.945
-9, -2.609
-8, -2.511
-7, -2.252
-6, -2.028
-5, -1.951
-4, -1.671
-3, -1.525
-2, -1.182
-1, -0.916
0, -0.720
0, -0.357
1, -0.280
2, -0.112
3, -0.035
4, 0.105
5, 0.434
6, 0.511
7, 0.888
8, 1.084
9, 1.203
10, 1.567
11, 1.735
12, 2.036
13, 2.127
14, 2.336
15, 2.623
16, 2.756
17, 3.148
18, 3.351
19, 3.477
20, 3.771
21, 3.869
22, 4.233
22, 4.379
21, 4.464
20, 4.618
19, 4.625
18, 4.611
17, 4.611
16, 4.561
15, 4.526
14, 4.443
13, 4.254
12, 4.023
11, 3.743
10, 3.435
9, 3.218
8, 2.868
7, 2.693
6, 2.574
5, 2.196
4, 2.007
3, 1.728
2, 1.483
1, 1.336
0, 0.965
-1, 0.797
-2, 0.476
-3, 0.329
-4, 0.189
-5, -0.140
-6, -0.259
-7, -0.552
-8, -0.839
-9, -1.063
-10, -1.385
-11, -1.476
-12, -1.819
-13, -1.930
-14, -2.049
-15, -2.371
-16, -2.546
-17, -2.882
-18, -3.078
-19, -3.190
-20, -3.518
-21, -3.679
-22, -3.987
-22, -4.155
-21, -4.281
-20, -4.505
-19, -4.498
-18, -4.484
-17, -4.477
-16, -4.477
-15, -3.994
-14, -3.890
-13, -3.596
-12, -3.428
-11, -3.043
-10, -2.882
-9, -2.707
-8, -2.469
-7, -2.385
-6, -2.021
-5, -1.923
-4, -1.720
-3, -1.448
-2, -1.217
-1, -1.049
0, -0.636
0, -0.482
1, -0.154
2, -0.133
3, -0.119
4, 0.203
5, 0.308
6, 0.644
7, 0.867
8, 1.007
9, 1.364
10, 1.476
11, 1.616
12, 1.959
13, 2.057
14, 2.441
15, 2.581
16, 2.903
17, 3.134
18, 3.288
19, 3.596
20, 3.687
21, 4.002
22, 4.212
22, 4.309
21, 4.505
20, 4.611
19, 4.604
18, 4.604
17, 4.604
16, 4.512
15, 4.533
14, 4.323
13, 4.254
12, 4.127
11, 3.743
10, 3.554
9, 3.169
8, 2.910
7, 2.735
6, 2.434
5, 2.273
4, 1.959
3, 1.812
2, 1.553
1, 1.224
0, 1.091
-1, 0.958
-2, 0.560
-3, 0.483
-4, 0.140
-5, -0.049
-6, -0.154
-7, -0.497
-8, -0.713
-9, -1.147
-10, -1.273
-11, -1.385
-12, -1.735
-13, -1.819
-14, -2.077
-15, -2.336
-16, -2.406
-17, -2.742
-18, -2.910
-19, -3.225
-20, -3.358
-21, -3.540
-22, -3.841
-22, -3.966
-21, -4.288
-20, -4.379
-19, -4.358
-18, -4.358
-17, -4.351
-16, -4.323
-15, -3.896
-14, -3.652
-13, -3.504
-12, -3.344
-11, -2.952
-10, -2.840
-9, -2.504
-8, -2.420
-7, -2.357
-6, -1.909
-5, -1.846
-4, -1.692
-3, -1.371
-2, -1.217
-1, -0.783
0, -0.552
0, -0.238
1, -0.140
2, -0.042
3, 0.133
4, 0.210
5, 0.567
6, 0.623
7, 0.846
8, 1.245
9, 1.371
10, 1.483
11, 1.826
12, 1.973
13, 2.301
14, 2.483
15, 2.602
16, 2.973
17, 3.211
18, 3.519
19, 3.589
20, 3.883
21, 4.016
22, 4.190
22, 4.477
21, 4.582
20, 4.687
19, 4.694
18, 4.687
17, 4.652
16, 4.604
15, 4.583
14, 4.429
13, 4.337
12, 4.037
11, 3.750
10, 3.477
9, 3.288
8, 3.015
7, 2.672
6, 2.609
5, 2.371
4, 2.049
3, 1.931
2, 1.483
1, 1.308
0, 1.203
-1, 0.846
-2, 0.651
-3, 0.385
-4, 0.238
-5, 0.112
-6, -0.245
-7, -0.357
-8, -0.720
-9, -1.007
-10, -1.119
-11, -1.434
-12, -1.588
-13, -1.846
-14, -1.923
-15, -2.322
-16, -2.511
-17, -2.616
-18, -2.952
-19, -3.085
-20, -3.414
-21, -3.596
-22, -3.679
-22, -4.029
-21, -4.204
-20, -4.330
-19, -4.309
-18, -4.302
-17, -4.288
-16, -4.211
-15, -3.924
-14, -3.617
-13, -3.511
-12, -3.113
-11, -2.875
-10, -2.791
-9, -2.427
-8, -2.350
-7, -2.231
-6, -1.839
-5, -1.762
-4, -1.441
-3, -1.343
-2, -1.196
-1, -0.776
0, -0.517
0, -0.161
1, -0.084
2, 0.091
3, 0.245
4, 0.336
5, 0.644
6, 0.728
7, 0.923
8, 1.364
9, 1.420
10, 1.791
11, 1.945
12, 2.050
13, 2.357
14, 2.546
15, 2.847
16, 3.050
17, 3.407
18, 3.582
19, 3.694
20, 3.995
21, 4.113
22, 4.457
22, 4.618
21, 4.729
20, 4.834
19, 4.834
18, 4.820
17, 4.820
16, 4.813
15, 4.730
14, 4.604
13, 4.443
12, 4.198
11, 3.953
10, 3.645
9, 3.477
8, 3.078
7, 2.819
6, 2.735
5, 2.385
4, 2.245
3, 2.112
2, 1.651
1, 1.476
0, 1.161
-1, 0.993
-2, 0.832
-3, 0.546
-4, 0.413
-5, 0.084
-6, -0.049
-7, -0.112
-8, -0.559
-9, -0.804
-10, -1.126
-11, -1.252
-12, -1.567
-13, -1.672
-14, -1.756
-15, -2.161
-16, -2.280
-17, -2.623
-18, -2.798
-19, -2.938
-20, -3.295
-21, -3.400
-22, -3.700
-22, -3.875
-21, -4.015
-20, -4.225
-19, -4.225
-18, -4.197
-17, -4.190
-16, -4.134
-15, -3.714
-14, -3.610
-13, -3.302
-12, -3.120
-11, -2.959
-10, -2.581
-9, -2.350
-8, -2.315
-7, -2.042
-6, -1.832
-5, -1.546
-4, -1.378
-3, -1.273
-2, -0.930
-1, -0.706
0, -0.259
0, -0.147
1, -0.042
2, 0.161
3, 0.196
4, 0.567
5, 0.693
6, 0.721
7, 1.175
8, 1.301
9, 1.679
10, 1.812
11, 1.952
12, 2.323
13, 2.399
14, 2.721
15, 2.882
16, 3.022
17, 3.393
18, 3.596
19, 3.869
20, 3.974
21, 4.093
22, 4.457
22, 4.604
21, 4.827
20, 4.841
19, 4.841
18, 4.834
17, 4.834
16, 4.751
15, 4.786
14, 4.666
13, 4.505
12, 4.289
11, 3.869
10, 3.631
9, 3.526
8, 3.085
7, 2.882
6, 2.777
5, 2.399
4, 2.294
3, 1.910
2, 1.707
1, 1.518
0, 1.224
-1, 1.091
-2, 0.721
-3, 0.581
-4, 0.455
-5, 0.133
-6, 0.000
-7, -0.322
-8, -0.545
-9, -0.776
-10, -1.098
-11, -1.224
-12, -1.553
-13, -1.672
-14, -1.769
-15, -2.112
-16, -2.301
-17, -2.630
-18, -2.791
-19, -2.952
-20, -3.288
-21, -3.428
-22, -3.735
-22, -3.889
-21, -4.029
-20, -4.260
-19, -4.253
-18, -4.232
-17, -4.232
-16, -4.162
-15, -3.756
-14, -3.666
-13, -3.323
-12, -3.169
-11, -2.945
-10, -2.623
-9, -2.490
-8, -2.378
-7, -2.070
-6, -1.888
-5, -1.622
-4, -1.476
-3, -1.364
-2, -1.049
-1, -0.797
0, -0.335
0, -0.238
1, -0.154
2, 0.035
3, 0.063
4, 0.420
5, 0.546
6, 0.846
7, 1.028
8, 1.182
9, 1.560
10, 1.644
11, 2.015
12, 2.176
13, 2.232
14, 2.609
15, 2.770
16, 3.099
17, 3.323
18, 3.463
19, 3.820
20, 3.946
21, 4.016
22, 4.386
22, 4.498
21, 4.779
20, 4.820
19, 4.827
18, 4.820
17, 4.813
16, 4.723
15, 4.723
14, 4.534
13, 4.457
12, 4.254
11, 3.883
10, 3.666
9, 3.491
8, 3.050
7, 2.833
6, 2.532
5, 2.392
4, 2.252
3, 1.861
2, 1.651
1, 1.280
0, 1.140
-1, 0.979
-2, 0.616
-3, 0.511
-4, 0.196
-5, 0.014
-6, -0.098
-7, -0.420
-8, -0.657
-9, -1.091
-10, -1.210
-11, -1.343
-12, -1.714
-13, -1.805
-14, -2.063
-15, -2.329
-16, -2.518
-17, -2.826
-18, -2.945
-19, -3.260
-20, -3.435
-21, -3.596
-22, -3.924
-22, -4.065
-21, -4.386
-20, -4.463
-19, -4.463
-18, -4.456
-17, -4.443
-16, -4.386
-15, -3.987
-14, -3.917
-13, -3.589
-12, -3.379
-11, -3.239
-10, -2.903
-9, -2.763
-8, -2.469
-7, -2.392
-6, -2.147
-5, -1.930
-4, -1.832
-3, -1.483
-2, -1.350
-1, -1.105
0, -0.706
0, -0.531
1, -0.224
2, -0.182
3, -0.175
4, 0.175
5, 0.308
6, 0.595
7, 0.839
8, 0.958
9, 1.280
10, 1.385
11, 1.756
12, 1.875
13, 1.980
14, 2.371
15, 2.532
16, 2.826
17, 3.057
18, 3.393
19, 3.526
20, 3.624
21, 3.952
22, 4.099
22, 4.379
21, 4.526
20, 4.575
19, 4.568
18, 4.568
17, 4.526
16, 4.477
15, 4.477
14, 4.288
13, 4.190
12, 4.072
11, 3.693
10, 3.484
9, 3.120
8, 2.854
7, 2.728
6, 2.441
5, 2.273
4, 1.931
3, 1.770
2, 1.546
1, 1.175
0, 1.091
-1, 0.720
-2, 0.532
-3, 0.462
-4, 0.140
-5, -0.021
-6, -0.315
-7, -0.469
-8, -0.685
-9, -1.133
-10, -1.238
-11, -1.546
-12, -1.735
-13, -1.798
-14, -2.070
-15, -2.308
-16, -2.595
-17, -2.770
-18, -3.050
-19, -3.232
-20, -3.365
-21, -3.707
-22, -3.848
-22, -4.120
-21, -4.323
-20, -4.435
-19, -4.414
-18, -4.400
-17, -4.393
-16, -4.268
-15, -4.001
-14, -3.700
-13, -3.582
-12, -3.379
-11, -2.994
-10, -2.861
-9, -2.497
-8, -2.378
-7, -2.329
-6, -1.930
-5, -1.846
-4, -1.539
-3, -1.399
-2, -1.259
-1, -0.860
0, -0.594
