0, 0.035
1, 0.063
2, -0.007
3, 0.014
4, 0.245
5, 0.427
6, 0.532
7, 0.846
8, 1.028
9, 1.168
10, 1.511
11, 1.658
12, 1.861
13, 2.077
14, 2.280
15, 2.532
16, 2.749
17, 2.952
18, 3.162
19, 3.288
20, 3.638
21, 3.855
22, 4.169
22, 4.246
21, 4.561
20, 4.603
19, 4.582
18, 4.575
17, 4.582
16, 4.512
15, 4.547
14, 4.540
13, 4.477
12, 4.316
11, 4.071
10, 3.848
9, 3.672
8, 3.267
7, 2.987
6, 2.826
5, 2.539
4, 2.231
3, 2.077
2, 1.840
1, 1.420
0, 1.280
-1, 1.112
-2, 0.790
-3, 0.588
-4, 0.441
-5, 0.238
-6, 0.035
-7, -0.126
-8, -0.441
-9, -0.762
-10, -1.028
-11, -1.273
-12, -1.469
-13, -1.819
-14, -1.923
-15, -2.119
-16, -2.413
-17, -2.595
-18, -2.833
-19, -2.952
-20, -3.176
-21, -3.428
-22, -3.707
-22, -3.896
-21, -4.071
-20, -4.155
-19, -4.204
-18, -4.253
-17, -4.246
-16, -4.106
-15, -4.015
-14, -3.805
-13, -3.603
-12, -3.288
-11, -3.134
-10, -2.875
-9, -2.679
-8, -2.413
-7, -2.133
-6, -2.021
-5, -1.735
-4, -1.595
-3, -1.154
-2, -0.958
-1, -0.783
0, -0.518
0, -0.343
1, -0.224
2, -0.133
3, 0.056
4, 0.294
5, 0.455
6, 0.671
7, 0.951
8, 1.168
9, 1.392
10, 1.518
11, 1.748
12, 1.867
13, 2.105
14, 2.413
15, 2.665
16, 2.917
17, 3.281
18, 3.372
19, 3.609
20, 3.791
21, 3.959
22, 4.253
22, 4.323
21, 4.568
20, 4.659
19, 4.652
18, 4.617
17, 4.603
16, 4.554
15, 4.596
14, 4.512
13, 4.449
12, 4.344
11, 4.092
10, 3.742
9, 3.490
8, 3.211
7, 2.959
6, 2.714
5, 2.602
4, 2.329
3, 1.993
2, 1.777
1, 1.441
0, 1.231
-1, 1.147
-2, 0.895
-3, 0.686
-4, 0.427
-5, 0.301
-6, -0.021
-7, -0.251
-8, -0.517
-9, -0.839
-10, -1.182
-11, -1.371
-12, -1.482
-13, -1.748
-14, -1.951
-15, -2.140
-16, -2.469
-17, -2.692
-18, -2.895
-19, -3.077
-20, -3.329
-21, -3.609
-22, -3.840
-22, -4.001
-21, -4.127
-20, -4.190
-19, -4.162
-18, -4.113
-17, -4.169
-16, -4.050
-15, -3.952
-14, -3.777
-13, -3.532
-12, -3.315
-11, -3.098
-10, -2.937
-9, -2.629
-8, -2.391
-7, -2.097
-6, -1.923
-5, -1.664
-4, -1.538
-3, -1.167
-2, -0.958
-1, -0.727
0, -0.517
0, -0.307
1, -0.118
2, -0.055
3, 0.175
4, 0.252
5, 0.448
6, 0.826
7, 0.993
8, 1.168
9, 1.350
10, 1.616
11, 1.812
12, 2.063
13, 2.273
14, 2.469
15, 2.651
16, 3.022
17, 3.197
18, 3.372
19, 3.645
20, 3.771
21, 4.050
22, 4.225
22, 4.344
21, 4.617
20, 4.652
19, 4.715
18, 4.757
17, 4.722
16, 4.617
15, 4.638
14, 4.575
13, 4.456
12, 4.400
11, 4.113
10, 3.910
9, 3.651
8, 3.302
7, 3.036
6, 2.770
5, 2.553
4, 2.246
3, 2.092
2, 1.882
1, 1.399
0, 1.308
-1, 1.140
-2, 0.931
-3, 0.721
-4, 0.455
-5, 0.175
-6, -0.041
-7, -0.356
-8, -0.552
-9, -0.720
-10, -0.895
-11, -1.223
-12, -1.384
-13, -1.692
-14, -1.818
-15, -1.965
-16, -2.371
-17, -2.573
-18, -2.699
-19, -2.986
-20, -3.196
-21, -3.518
-22, -3.700
-22, -3.966
-21, -4.141
-20, -4.260
-19, -4.260
-18, -4.246
-17, -4.239
-16, -4.036
-15, -3.952
-14, -3.777
-13, -3.469
-12, -3.210
-11, -2.930
-10, -2.797
-9, -2.623
-8, -2.371
-7, -2.126
-6, -1.986
-5, -1.762
-4, -1.657
-3, -1.217
-2, -0.951
-1, -0.706
0, -0.419
0, -0.244
1, 0.021
2, 0.021
3, 0.196
4, 0.329
5, 0.602
6, 0.938
7, 1.029
8, 1.161
9, 1.357
10, 1.623
11, 1.903
12, 2.078
13, 2.288
14, 2.399
15, 2.728
16, 2.994
17, 3.162
18, 3.288
19, 3.603
20, 3.778
21, 4.065
22, 4.275
22, 4.415
21, 4.617
20, 4.660
19, 4.652
18, 4.666
17, 4.645
16, 4.575
15, 4.547
14, 4.561
13, 4.512
12, 4.358
11, 4.092
10, 3.742
9, 3.533
8, 3.267
7, 2.980
6, 2.735
5, 2.623
4, 2.336
3, 2.098
2, 1.819
1, 1.574
0, 1.266
-1, 1.098
-2, 0.881
-3, 0.679
-4, 0.427
-5, 0.252
-6, -0.084
-7, -0.343
-8, -0.601
-9, -0.902
-10, -1.091
-11, -1.322
-12, -1.602
-13, -1.833
-14, -2.063
-15, -2.063
-16, -2.315
-17, -2.637
-18, -2.903
-19, -3.043
-20, -3.162
-21, -3.379
-22, -3.749
-22, -3.875
-21, -4.176
-20, -4.155
-19, -4.169
-18, -4.183
-17, -4.218
-16, -4.162
-15, -3.973
-14, -3.770
-13, -3.421
-12, -3.127
-11, -2.938
-10, -2.784
-9, -2.630
-8, -2.427
-7, -2.182
-6, -2.021
-5, -1.748
-4, -1.658
-3, -1.238
-2, -1.014
-1, -0.658
0, -0.504
0, -0.287
1, 0.014
2, 0.028
3, 0.175
4, 0.343
5, 0.483
6, 0.888
7, 1.077
8, 1.273
9, 1.462
10, 1.735
11, 1.896
12, 2.021
13, 2.238
14, 2.448
15, 2.721
16, 3.099
17, 3.169
18, 3.427
19, 3.596
20, 3.735
21, 4.092
22, 4.358
22, 4.470
21, 4.736
20, 4.750
19, 4.757
18, 4.729
17, 4.715
16, 4.757
15, 4.610
14, 4.442
13, 4.421
12, 4.274
11, 4.015
10, 3.665
9, 3.483
8, 3.281
7, 2.931
6, 2.763
5, 2.483
4, 2.133
3, 1.965
2, 1.749
1, 1.406
0, 1.133
-1, 0.916
-2, 0.630
-3, 0.595
-4, 0.301
-5, 0.063
-6, -0.196
-7, -0.259
-8, -0.483
-9, -0.860
-10, -1.091
-11, -1.294
-12, -1.476
-13, -1.658
-14, -1.777
-15, -1.993
-16, -2.371
-17, -2.616
-18, -2.826
-19, -3.043
-20, -3.246
-21, -3.519
-22, -3.735
-22, -4.015
-21, -4.240
-20, -4.261
-19, -4.268
-18, -4.274
-17, -4.295
-16, -4.134
-15, -4.008
-14, -3.791
-13, -3.539
-12, -3.260
-11, -3.043
-10, -2.847
-9, -2.700
-8, -2.448
-7, -2.259
-6, -2.008
-5, -1.777
-4, -1.609
-3, -1.168
-2, -1.035
-1, -0.721
0, -0.469
0, -0.245
1, 0.077
2, 0.070
3, 0.209
4, 0.342
5, 0.587
6, 0.874
7, 1.105
8, 1.266
9, 1.475
10, 1.727
11, 1.776
12, 1.937
13, 2.259
14, 2.455
15, 2.734
16, 3.028
17, 3.203
18, 3.385
19, 3.532
20, 3.784
21, 4.064
22, 4.267
22, 4.512
21, 4.701
20, 4.784
19, 4.834
18, 4.806
17, 4.764
16, 4.694
15, 4.637
14, 4.477
13, 4.379
12, 4.316
11, 4.001
10, 3.686
9, 3.511
8, 3.259
7, 2.874
6, 2.685
5, 2.476
4, 2.280
3, 1.958
2, 1.853
1, 1.580
0, 1.364
-1, 1.007
-2, 0.888
-3, 0.559
-4, 0.280
-5, 0.014
-6, -0.168
-7, -0.385
-8, -0.581
-9, -0.965
-10, -1.126
-11, -1.469
-12, -1.637
-13, -1.874
-14, -1.993
-15, -1.979
-16, -2.294
-17, -2.651
-18, -2.805
-19, -2.980
-20, -3.169
-21, -3.547
-22, -3.792
-22, -4.058
-21, -4.260
-20, -4.302
-19, -4.295
-18, -4.267
-17, -4.239
-16, -4.127
-15, -3.938
-14, -3.714
-13, -3.491
-12, -3.211
-11, -2.966
-10, -2.770
-9, -2.602
-8, -2.287
-7, -2.077
-6, -1.979
-5, -1.735
-4, -1.616
-3, -1.147
-2, -0.916
-1, -0.595
0, -0.434
0, -0.189
1, -0.007
2, -0.014
3, 0.175
4, 0.427
5, 0.629
6, 1.042
7, 1.210
8, 1.322
9, 1.517
10, 1.720
11, 1.846
12, 2.021
13, 2.343
14, 2.574
15, 2.812
16, 3.189
17, 3.329
18, 3.490
19, 3.686
20, 3.896
21, 4.197
22, 4.442
22, 4.540
21, 4.827
20, 4.876
19, 4.897
18, 4.890
17, 4.855
16, 4.813
15, 4.806
14, 4.659
13, 4.435
12, 4.351
11, 3.973
10, 3.658
9, 3.469
8, 3.161
7, 2.896
6, 2.748
5, 2.504
4, 2.196
3, 1.972
2, 1.699
1, 1.363
0, 1.307
-1, 1.217
-2, 0.804
-3, 0.601
-4, 0.370
-5, 0.153
-6, -0.049
-7, -0.259
-8, -0.560
-9, -1.022
-10, -1.259
-11, -1.455
-12, -1.616
-13, -1.784
-14, -1.924
-15, -2.085
-16, -2.350
-17, -2.679
-18, -2.896
-19, -3.036
-20, -3.239
-21, -3.582
-22, -3.848
-22, -4.078
-21, -4.127
-20, -4.261
-19, -4.254
-18, -4.260
-17, -4.239
-16, -4.106
-15, -3.987
-14, -3.750
-13, -3.526
-12, -3.288
-11, -3.064
-10, -2.868
-9, -2.672
-8, -2.308
-7, -2.119
-6, -2.014
-5, -1.784
-4, -1.672
-3, -1.217
-2, -1.014
-1, -0.790
0, -0.455
0, -0.280
1, -0.105
2, -0.035
3, 0.224
4, 0.378
5, 0.623
6, 0.979
7, 1.021
8, 1.224
9, 1.490
10, 1.735
11, 1.951
12, 2.133
13, 2.364
14, 2.525
15, 2.868
16, 3.190
17, 3.295
18, 3.469
19, 3.756
20, 3.861
21, 4.127
22, 4.323
22, 4.505
21, 4.764
20, 4.834
19, 4.841
18, 4.848
17, 4.806
16, 4.764
15, 4.743
14, 4.582
13, 4.470
12, 4.323
11, 4.023
10, 3.715
9, 3.421
8, 3.218
7, 2.819
6, 2.553
5, 2.294
4, 2.134
3, 1.875
2, 1.672
1, 1.406
0, 1.210
-1, 1.070
-2, 0.707
-3, 0.553
-4, 0.525
-5, 0.392
-6, 0.133
-7, -0.133
-8, -0.398
-9, -0.678
-10, -0.867
-11, -1.280
-12, -1.469
-13, -1.629
-14, -1.748
-15, -1.993
-16, -2.301
-17, -2.574
-18, -2.770
-19, -3.106
-20, -3.337
-21, -3.623
-22, -3.707
-22, -3.896
-21, -4.092
-20, -4.162
-19, -4.239
-18, -4.281
-17, -4.253
-16, -4.204
-15, -3.980
-14, -3.686
-13, -3.483
-12, -3.232
-11, -2.966
-10, -2.777
-9, -2.567
-8, -2.287
-7, -2.084
-6, -1.986
-5, -1.693
-4, -1.567
-3, -1.154
-2, -0.923
-1, -0.699
0, -0.532
0, -0.259
1, -0.077
2, 0.014
3, 0.217
4, 0.378
5, 0.532
6, 0.902
7, 1.063
8, 1.147
9, 1.392
10, 1.644
11, 1.868
12, 2.154
13, 2.364
14, 2.609
15, 2.847
16, 3.134
17, 3.246
18, 3.518
19, 3.714
20, 3.945
21, 4.246
22, 4.400
22, 4.589
21, 4.897
20, 4.890
19, 4.883
18, 4.869
17, 4.834
16, 4.764
15, 4.785
14, 4.666
13, 4.491
12, 4.386
11, 4.022
10, 3.749
9, 3.518
8, 3.309
7, 2.987
6, 2.735
5, 2.525
4, 2.392
3, 2.098
2, 1.833
1, 1.560
0, 1.413
-1, 1.133
-2, 0.797
-3, 0.546
-4, 0.273
-5, 0.077
-6, -0.105
-7, -0.245
-8, -0.601
-9, -0.909
-10, -1.105
-11, -1.238
-12, -1.511
-13, -1.672
-14, -1.951
-15, -2.238
-16, -2.595
-17, -2.763
-18, -2.875
-19, -3.001
-20, -3.260
-21, -3.658
-22, -3.827
-22, -3.987
-21, -4.141
-20, -4.225
-19, -4.204
-18, -4.211
-17, -4.162
-16, -4.064
-15, -3.910
-14, -3.679
-13, -3.421
-12, -3.141
-11, -2.910
-10, -2.784
-9, -2.602
-8, -2.217
-7, -2.182
-6, -1.993
-5, -1.770
-4, -1.602
-3, -1.147
-2, -0.937
-1, -0.623
0, -0.385
0, -0.259
1, -0.070
2, 0.042
3, 0.266
4, 0.441
5, 0.615
6, 0.958
7, 1.161
8, 1.322
9, 1.518
10, 1.720
11, 1.965
12, 2.217
13, 2.364
14, 2.448
15, 2.790
16, 3.119
17, 3.294
18, 3.497
19, 3.742
20, 3.931
21, 4.197
22, 4.414
22, 4.491
21, 4.764
20, 4.883
19, 4.904
18, 4.890
17, 4.841
16, 4.722
15, 4.694
14, 4.582
13, 4.393
12, 4.232
11, 3.896
10, 3.756
9, 3.532
8, 3.224
7, 2.923
6, 2.714
5, 2.595
4, 2.343
3, 2.182
2, 1.720
1, 1.538
0, 1.196
-1, 0.874
-2, 0.580
-3, 0.433
-4, 0.252
-5, 0.049
-6, -0.126
-7, -0.182
-8, -0.483
-9, -0.860
-10, -1.084
-11, -1.259
-12, -1.448
-13, -1.721
-14, -1.868
-15, -2.168
-16, -2.448
-17, -2.637
-18, -2.819
-19, -3.085
-20, -3.288
-21, -3.428
-22, -3.540
-22, -3.938
-21, -4.239
-20, -4.261
-19, -4.218
-18, -4.275
-17, -4.239
-16, -4.141
-15, -3.988
-14, -3.665
-13, -3.428
-12, -3.218
-11, -2.903
-10, -2.756
-9, -2.574
-8, -2.211
-7, -2.106
-6, -1.875
-5, -1.770
-4, -1.686
-3, -1.154
-2, -0.867
-1, -0.616
0, -0.392
0, -0.182
1, 0.007
2, -0.014
3, 0.147
4, 0.399
5, 0.546
6, 0.825
7, 1.154
8, 1.378
9, 1.518
10, 1.651
11, 1.881
12, 2.182
13, 2.350
14, 2.630
15, 2.910
16, 3.168
17, 3.266
18, 3.483
19, 3.700
20, 3.994
21, 4.197
22, 4.421
22, 4.610
21, 4.932
20, 4.974
19, 4.911
18, 4.862
17, 4.750
16, 4.757
15, 4.722
14, 4.596
13, 4.456
12, 4.428
11, 4.008
10, 3.721
9, 3.540
8, 3.211
7, 2.889
6, 2.735
5, 2.749
4, 2.336
3, 2.071
2, 1.826
1, 1.476
0, 1.210
-1, 0.868
-2, 0.602
-3, 0.560
-4, 0.245
-5, 0.028
-6, -0.209
-7, -0.538
-8, -0.741
-9, -0.888
-10, -1.196
-11, -1.294
-12, -1.545
-13, -1.797
-14, -2.112
-15, -2.364
-16, -2.553
-17, -2.763
-18, -2.847
-19, -3.070
-20, -3.245
-21, -3.595
-22, -3.798
-22, -3.917
-21, -4.085
-20, -4.155
-19, -4.225
-18, -4.253
-17, -4.232
-16, -4.148
-15, -4.008
-14, -3.700
-13, -3.428
-12, -3.134
-11, -2.938
-10, -2.756
-9, -2.595
-8, -2.217
-7, -2.126
-6, -1.854
-5, -1.665
-4, -1.469
-3, -1.028
-2, -0.832
-1, -0.560
0, -0.371
0, -0.189
1, -0.014
2, -0.028
3, 0.175
4, 0.336
5, 0.504
6, 0.881
7, 1.056
8, 1.273
9, 1.441
10, 1.644
11, 2.007
12, 2.238
13, 2.462
14, 2.560
15, 2.896
16, 3.190
17, 3.337
18, 3.596
19, 3.777
20, 3.952
21, 4.113
22, 4.309
22, 4.547
21, 4.904
20, 4.869
19, 4.876
18, 4.890
17, 4.806
16, 4.806
15, 4.806
14, 4.680
13, 4.484
12, 4.253
11, 4.037
10, 3.714
9, 3.427
8, 3.197
7, 2.938
6, 2.707
5, 2.497
4, 2.203
3, 1.930
2, 1.805
1, 1.567
0, 1.273
-1, 0.965
-2, 0.720
-3, 0.532
-4, 0.350
-5, 0.154
-6, -0.168
-7, -0.273
-8, -0.553
-9, -0.895
-10, -1.070
-11, -1.259
-12, -1.483
-13, -1.658
-14, -1.944
-15, -2.161
-16, -2.490
-17, -2.770
-18, -3.057
-19, -3.190
-20, -3.337
-21, -3.491
-22, -3.679
-22, -3.834
-21, -4.120
-20, -4.225
-19, -4.267
-18, -4.281
-17, -4.211
-16, -4.057
-15, -3.917
-14, -3.617
-13, -3.365
-12, -3.169
-11, -2.889
-10, -2.805
-9, -2.602
-8, -2.189
-7, -2.056
-6, -1.993
-5, -1.770
-4, -1.567
-3, -1.070
-2, -0.819
-1, -0.553
0, -0.399
0, -0.133
1, 0.049
2, 0.077
3, 0.265
4, 0.384
5, 0.594
6, 0.937
7, 1.105
8, 1.301
9, 1.475
10, 1.748
11, 1.909
12, 2.119
13, 2.357
14, 2.595
15, 2.783
16, 3.168
17, 3.259
18, 3.455
19, 3.672
20, 3.952
21, 4.190
22, 4.421
22, 4.624
21, 4.834
20, 4.813
19, 4.806
18, 4.792
17, 4.729
16, 4.701
15, 4.582
14, 4.519
13, 4.505
12, 4.379
11, 3.889
10, 3.455
9, 3.343
8, 3.133
7, 2.832
6, 2.616
5, 2.476
4, 2.280
3, 1.958
2, 1.713
1, 1.398
0, 1.210
-1, 0.895
-2, 0.671
-3, 0.636
-4, 0.496
-5, 0.140
-6, -0.175
-7, -0.252
-8, -0.608
-9, -0.923
-10, -1.147
-11, -1.357
-12, -1.595
-13, -1.826
-14, -1.986
-15, -2.259
-16, -2.420
-17, -2.693
-18, -2.847
-19, -3.106
-20, -3.211
-21, -3.589
-22, -3.819
-22, -3.980
-21, -4.232
-20, -4.323
-19, -4.309
-18, -4.232
-17, -4.169
-16, -4.141
-15, -3.987
-14, -3.652
-13, -3.498
-12, -3.218
-11, -3.008
-10, -2.805
-9, -2.665
-8, -2.259
-7, -2.014
-6, -1.972
-5, -1.686
-4, -1.455
-3, -1.084
-2, -0.881
-1, -0.602
0, -0.420
0, -0.217
1, -0.042
2, 0.007
3, 0.196
4, 0.384
5, 0.573
6, 0.923
7, 1.182
8, 1.392
9, 1.538
10, 1.678
11, 1.972
12, 2.126
13, 2.336
14, 2.441
15, 2.854
16, 3.294
17, 3.378
18, 3.518
19, 3.777
20, 3.889
21, 4.106
22, 4.253
22, 4.512
21, 4.834
20, 4.855
19, 4.848
18, 4.869
17, 4.806
16, 4.792
15, 4.785
14, 4.638
13, 4.449
12, 4.246
11, 3.959
10, 3.700
9, 3.546
8, 3.169
7, 2.840
6, 2.728
5, 2.574
4, 2.385
3, 1.937
2, 1.693
1, 1.511
0, 1.217
-1, 0.888
-2, 0.679
-3, 0.651
-4, 0.252
-5, 0.133
-6, -0.063
-7, -0.259
-8, -0.587
-9, -0.895
-10, -1.063
-11, -1.301
-12, -1.665
-13, -1.888
-14, -2.042
-15, -2.126
-16, -2.371
-17, -2.553
-18, -2.763
-19, -3.022
-20, -3.252
-21, -3.497
-22, -3.749
-22, -4.050
-21, -4.288
-20, -4.316
-19, -4.232
-18, -4.232
-17, -4.169
-16, -4.120
-15, -3.980
-14, -3.728
-13, -3.407
-12, -3.141
-11, -2.931
-10, -2.847
-9, -2.623
-8, -2.308
-7, -2.161
-6, -1.944
-5, -1.714
-4, -1.700
-3, -1.175
-2, -0.958
-1, -0.630
0, -0.455
0, -0.273
1, -0.028
2, -0.021
3, 0.175
4, 0.350
5, 0.497
6, 0.881
7, 1.070
8, 1.364
9, 1.553
10, 1.749
11, 1.972
12, 2.112
13, 2.350
14, 2.490
15, 2.784
16, 3.162
17, 3.274
18, 3.505
19, 3.672
20, 3.959
21, 4.211
22, 4.372
22, 4.498
21, 4.876
20, 4.897
19, 4.876
18, 4.848
17, 4.827
16, 4.799
15, 4.764
14, 4.701
13, 4.568
12, 4.316
11, 3.959
10, 3.651
9, 3.539
8, 3.308
7, 2.959
6, 2.749
5, 2.616
4, 2.315
3, 2.126
2, 1.818
1, 1.525
0, 1.392
-1, 1.070
-2, 0.825
-3, 0.686
-4, 0.399
-5, 0.231
-6, -0.056
-7, -0.210
-8, -0.580
-9, -0.916
-10, -1.063
-11, -1.441
-12, -1.658
-13, -1.818
-14, -1.979
-15, -2.161
-16, -2.357
-17, -2.665
-18, -3.015
-19, -3.120
-20, -3.386
-21, -3.659
-22, -3.854
-22, -4.071
-21, -4.204
-20, -4.197
-19, -4.225
-18, -4.281
-17, -4.225
-16, -4.099
-15, -3.966
-14, -3.658
-13, -3.420
-12, -3.175
-11, -2.987
-10, -2.833
-9, -2.749
-8, -2.280
-7, -2.175
-6, -1.979
-5, -1.699
-4, -1.657
-3, -1.196
-2, -0.993
-1, -0.685
0, -0.455
0, -0.266
1, -0.126
2, -0.084
3, 0.133
4, 0.301
5, 0.525
6, 0.902
7, 1.140
8, 1.406
9, 1.511
10, 1.721
11, 1.923
12, 2.119
13, 2.420
14, 2.581
15, 2.749
16, 3.155
17, 3.442
18, 3.610
19, 3.722
20, 3.861
21, 4.127
22, 4.288
22, 4.463
21, 4.897
20, 4.946
19, 4.918
18, 4.855
17, 4.778
16, 4.778
15, 4.771
14, 4.638
13, 4.533
12, 4.323
11, 3.987
10, 3.757
9, 3.582
8, 3.148
7, 2.952
6, 2.742
5, 2.427
4, 2.280
3, 2.162
2, 1.763
1, 1.462
0, 1.252
-1, 0.980
-2, 0.735
-3, 0.616
-4, 0.350
-5, 0.140
-6, -0.111
-7, -0.279
-8, -0.720
-9, -1.034
-10, -1.153
-11, -1.342
-12, -1.601
-13, -1.839
-14, -1.923
-15, -2.105
-16, -2.349
-17, -2.503
-18, -2.937
-19, -3.007
-20, -3.217
-21, -3.539
-22, -3.784
-22, -3.952
-21, -4.197
-20, -4.204
-19, -4.316
-18, -4.344
-17, -4.246
-16, -4.071
-15, -3.903
-14, -3.623
-13, -3.413
-12, -3.168
-11, -2.979
-10, -2.867
-9, -2.664
-8, -2.315
-7, -2.245
-6, -2.049
-5, -1.741
-4, -1.713
-3, -1.126
-2, -0.860
-1, -0.587
0, -0.447
0, -0.238
1, -0.070
2, -0.035
3, 0.175
4, 0.343
5, 0.525
6, 0.888
7, 1.091
8, 1.308
9, 1.497
10, 1.665
11, 1.784
12, 2.078
13, 2.343
14, 2.469
15, 2.805
16, 3.197
17, 3.414
18, 3.603
19, 3.798
20, 3.959
21, 4.148
22, 4.316
22, 4.491
21, 4.813
20, 4.841
19, 4.813
18, 4.799
17, 4.764
16, 4.792
15, 4.757
14, 4.680
13, 4.484
12, 4.351
11, 3.973
10, 3.582
9, 3.428
8, 3.141
7, 2.812
6, 2.651
5, 2.420
4, 2.252
3, 1.987
2, 1.672
1, 1.532
0, 1.322
-1, 1.021
-2, 0.693
-3, 0.532
-4, 0.287
-5, 0.056
-6, -0.224
-7, -0.357
-8, -0.671
-9, -0.923
-10, -1.224
-11, -1.392
-12, -1.553
-13, -1.713
-14, -1.874
-15, -2.091
-16, -2.378
-17, -2.595
-18, -2.896
-19, -3.036
-20, -3.365
-21, -3.546
-22, -3.686
-22, -4.043
-21, -4.211
-20, -4.274
-19, -4.281
-18, -4.316
-17, -4.274
-16, -4.155
-15, -3.917
-14, -3.672
-13, -3.407
-12, -3.169
-11, -2.959
-10, -2.777
-9, -2.700
-8, -2.231
-7, -2.147
-6, -1.938
-5, -1.609
-4, -1.532
-3, -1.063
-2, -0.839
-1, -0.595
0, -0.448
0, -0.259
1, -0.056
2, -0.035
3, 0.189
4, 0.329
5, 0.525
6, 0.909
7, 1.063
8, 1.252
9, 1.441
10, 1.665
11, 1.916
12, 1.979
13, 2.259
14, 2.385
15, 2.889
16, 3.127
17, 3.309
18, 3.554
19, 3.742
20, 3.945
21, 4.239
22, 4.393
22, 4.540
21, 4.862
20, 4.855
19, 4.869
18, 4.869
17, 4.792
16, 4.764
15, 4.673
14, 4.512
13, 4.414
12, 4.274
11, 3.973
10, 3.694
9, 3.428
8, 3.064
7, 2.917
6, 2.735
5, 2.574
4, 2.322
3, 2.106
2, 1.679
1, 1.525
0, 1.189
-1, 0.882
-2, 0.644
-3, 0.511
-4, 0.287
-5, 0.161
-6, -0.223
-7, -0.363
-8, -0.762
-9, -0.979
-10, -1.104
-11, -1.405
-12, -1.622
-13, -1.804
-14, -1.958
-15, -2.175
-16, -2.461
-17, -2.594
-18, -2.923
-19, -3.000
-20, -3.280
-21, -3.441
-22, -3.748
-22, -3.944
-21, -4.210
-20, -4.294
-19, -4.246
-18, -4.273
-17, -4.315
-16, -4.112
-15, -3.930
-14, -3.699
-13, -3.434
-12, -3.231
-11, -2.965
-10, -2.811
-9, -2.615
-8, -2.209
-7, -2.182
-6, -1.944
-5, -1.664
-4, -1.622
-3, -1.084
-2, -0.860
-1, -0.601
0, -0.489
0, -0.335
1, -0.111
2, -0.041
3, 0.133
4, 0.336
5, 0.504
6, 0.889
7, 1.043
8, 1.288
9, 1.455
10, 1.798
11, 1.917
12, 2.106
13, 2.316
14, 2.561
15, 2.757
16, 3.155
17, 3.421
18, 3.491
19, 3.659
20, 3.890
21, 4.079
22, 4.310
22, 4.485
21, 4.884
20, 4.891
19, 4.884
18, 4.877
17, 4.821
16, 4.814
15, 4.807
14, 4.737
13, 4.520
12, 4.380
11, 3.967
10, 3.631
9, 3.449
8, 3.177
7, 2.883
6, 2.659
5, 2.323
4, 2.162
3, 1.973
2, 1.715
1, 1.323
0, 1.134
-1, 0.806
-2, 0.714
-3, 0.700
-4, 0.414
-5, 0.169
-6, -0.055
-7, -0.188
-8, -0.510
-9, -0.761
-10, -1.174
-11, -1.412
-12, -1.629
-13, -1.755
-14, -1.839
-15, -2.006
-16, -2.314
-17, -2.587
-18, -2.825
-19, -3.056
-20, -3.357
-21, -3.588
-22, -3.720
-22, -3.965
-21, -4.175
-20, -4.280
-19, -4.266
-18, -4.273
-17, -4.273
-16, -4.154
-15, -3.972
-14, -3.651
-13, -3.483
-12, -3.168
-11, -2.972
-10, -2.790
-9, -2.636
-8, -2.279
-7, -2.146
-6, -1.916
-5, -1.720
-4, -1.657
-3, -1.132
-2, -0.922
-1, -0.664
0, -0.524
0, -0.328
1, -0.069
2, -0.034
3, 0.211
4, 0.357
5, 0.497
6, 0.854
7, 1.050
8, 1.218
9, 1.477
10, 1.714
11, 1.966
12, 2.050
13, 2.386
14, 2.491
15, 2.855
16, 3.183
17, 3.379
18, 3.561
19, 3.757
20, 3.918
21, 4.205
22, 4.338
22, 4.450
21, 4.800
20, 4.856
19, 4.905
18, 4.884
17, 4.814
16, 4.800
15, 4.779
14, 4.653
13, 4.492
12, 4.247
11, 3.911
10, 3.659
9, 3.379
8, 3.092
7, 2.883
6, 2.764
5, 2.442
4, 2.169
3, 2.022
2, 1.714
1, 1.392
0, 1.239
-1, 0.924
-2, 0.714
-3, 0.595
-4, 0.259
-5, 0.077
-6, -0.188
-7, -0.328
-8, -0.608
-9, -0.839
-10, -1.000
-11, -1.307
-12, -1.496
-13, -1.727
-14, -2.000
-15, -2.294
-16, -2.525
-17, -2.664
-18, -2.902
-19, -3.140
-20, -3.336
-21, -3.497
-22, -3.728
-22, -3.959
-21, -4.239
-20, -4.302
-19, -4.323
-18, -4.323
-17, -4.218
-16, -4.134
-15, -3.987
-14, -3.686
-13, -3.336
-12, -3.140
-11, -2.944
-10, -2.776
-9, -2.608
-8, -2.245
-7, -2.098
-6, -1.958
-5, -1.636
-4, -1.587
-3, -1.140
-2, -0.867
-1, -0.622
0, -0.427
0, -0.252
1, -0.042
2, 0.028
3, 0.168
4, 0.371
5, 0.553
6, 0.944
7, 1.119
8, 1.315
9, 1.427
10, 1.763
11, 1.916
12, 2.147
13, 2.420
14, 2.539
15, 2.833
16, 3.155
17, 3.330
18, 3.588
19, 3.763
20, 4.029
21, 4.295
22, 4.372
22, 4.477
21, 4.827
20, 4.876
19, 4.890
18, 4.890
17, 4.834
16, 4.827
15, 4.813
14, 4.708
13, 4.505
12, 4.267
11, 3.861
10, 3.512
9, 3.337
8, 2.938
7, 2.931
6, 2.763
5, 2.427
4, 2.301
3, 2.049
2, 1.742
1, 1.455
0, 1.175
-1, 1.000
-2, 0.581
-3, 0.385
-4, 0.147
-5, -0.084
-6, -0.329
-7, -0.413
-8, -0.720
-9, -0.944
-10, -1.098
-11, -1.364
-12, -1.504
-13, -1.777
-14, -1.902
-15, -2.210
-16, -2.336
-17, -2.714
-18, -2.973
-19, -3.085
-20, -3.260
-21, -3.589
-22, -3.855
-22, -4.050
-21, -4.358
-20, -4.309
-19, -4.190
-18, -4.169
-17, -4.155
-16, -3.987
-15, -3.855
-14, -3.498
-13, -3.232
-12, -3.113
-11, -2.861
-10, -2.819
-9, -2.651
-8, -2.280
-7, -2.098
-6, -1.826
-5, -1.679
-4, -1.588
-3, -1.147
-2, -0.951
-1, -0.700
0, -0.448
0, -0.245
1, -0.084
2, -0.070
3, 0.126
4, 0.287
5, 0.545
6, 0.860
7, 1.070
8, 1.231
9, 1.483
10, 1.714
11, 1.951
12, 2.091
13, 2.427
14, 2.504
15, 2.791
16, 3.071
17, 3.316
18, 3.533
19, 3.770
20, 4.036
21, 4.323
22, 4.463
22, 4.561
21, 4.890
20, 4.897
19, 4.897
18, 4.876
17, 4.820
16, 4.862
15, 4.806
14, 4.736
13, 4.554
12, 4.239
11, 3.952
10, 3.735
9, 3.554
8, 3.260
7, 3.029
6, 2.700
5, 2.301
4, 2.161
3, 2.070
2, 1.840
1, 1.357
0, 1.168
-1, 0.979
-2, 0.811
-3, 0.706
-4, 0.364
-5, 0.196
-6, 0.105
-7, -0.056
-8, -0.377
-9, -0.657
-10, -1.119
-11, -1.378
-12, -1.665
-13, -1.832
-14, -2.042
-15, -2.322
-16, -2.504
-17, -2.525
-18, -2.882
-19, -3.112
-20, -3.315
-21, -3.511
-22, -3.735
-22, -4.106
-21, -4.225
-20, -4.204
-19, -4.162
-18, -4.239
-17, -4.211
-16, -4.099
-15, -3.931
-14, -3.651
-13, -3.420
-12, -3.281
-11, -2.945
-10, -2.861
-9, -2.644
-8, -2.266
-7, -2.084
-6, -1.826
-5, -1.553
-4, -1.504
-3, -0.986
-2, -0.805
-1, -0.644
0, -0.469
0, -0.287
1, -0.049
2, 0.056
3, 0.210
4, 0.363
5, 0.531
6, 0.909
7, 1.091
8, 1.259
9, 1.497
10, 1.811
11, 2.007
12, 2.217
13, 2.462
14, 2.651
15, 2.923
16, 3.280
17, 3.378
18, 3.644
19, 3.819
20, 3.896
21, 4.127
22, 4.386
22, 4.484
21, 4.848
20, 4.932
19, 4.960
18, 4.911
17, 4.855
16, 4.848
15, 4.743
14, 4.673
13, 4.498
12, 4.302
11, 4.057
10, 3.686
9, 3.358
8, 3.057
7, 2.833
6, 2.616
5, 2.392
4, 2.231
3, 1.965
2, 1.735
1, 1.406
0, 1.126
-1, 0.895
-2, 0.706
-3, 0.546
-4, 0.427
-5, 0.175
-6, -0.056
-7, -0.336
-8, -0.650
-9, -0.874
-10, -1.021
-11, -1.413
-12, -1.679
-13, -1.812
-14, -1.993
-15, -2.112
-16, -2.392
-17, -2.756
-18, -3.078
-19, -3.274
-20, -3.455
-21, -3.624
-22, -3.806
-22, -4.022
-21, -4.218
-20, -4.302
-19, -4.246
-18, -4.288
-17, -4.260
-16, -4.057
-15, -3.903
-14, -3.630
-13, -3.441
-12, -3.085
-11, -2.903
-10, -2.798
-9, -2.644
-8, -2.266
-7, -2.126
-6, -1.965
-5, -1.805
-4, -1.525
-3, -1.049
-2, -0.804
-1, -0.588
0, -0.399
0, -0.238
1, -0.042
2, -0.028
3, 0.189
4, 0.364
5, 0.531
6, 0.888
7, 1.091
8, 1.315
9, 1.504
10, 1.748
11, 1.944
12, 2.154
13, 2.490
14, 2.679
15, 2.868
16, 3.196
17, 3.414
18, 3.658
19, 3.784
20, 3.882
21, 4.183
22, 4.358
22, 4.505
21, 4.848
20, 4.939
19, 4.939
18, 4.932
17, 4.820
16, 4.813
15, 4.785
14, 4.638
13, 4.428
12, 4.183
11, 4.036
10, 3.742
9, 3.540
8, 3.155
7, 2.791
6, 2.658
5, 2.364
4, 2.190
3, 1.889
2, 1.567
1, 1.343
0, 1.154
-1, 0.937
-2, 0.721
-3, 0.595
-4, 0.336
-5, 0.287
-6, 0.077
-7, -0.007
-8, -0.650
-9, -1.000
-10, -1.196
-11, -1.363
-12, -1.482
-13, -1.636
-14, -1.748
-15, -1.923
-16, -2.350
-17, -2.637
-18, -2.910
-19, -3.036
-20, -3.336
-21, -3.560
-22, -3.749
-22, -3.945
-21, -4.085
-20, -4.092
-19, -4.176
-18, -4.239
-17, -4.204
-16, -4.057
-15, -3.805
-14, -3.560
-13, -3.378
-12, -3.148
-11, -2.882
-10, -2.770
-9, -2.560
-8, -2.203
-7, -2.007
-6, -1.881
-5, -1.601
-4, -1.538
-3, -1.084
-2, -0.909
-1, -0.734
0, -0.518
0, -0.357
1, -0.070
2, 0.021
3, 0.196
4, 0.343
5, 0.476
6, 0.895
7, 1.105
8, 1.287
9, 1.441
10, 1.735
11, 1.944
12, 2.147
13, 2.462
14, 2.602
15, 2.875
16, 3.197
17, 3.421
18, 3.575
19, 3.771
20, 3.987
21, 4.323
22, 4.449
22, 4.547
21, 4.820
20, 4.904
19, 4.939
18, 4.932
17, 4.848
16, 4.813
15, 4.827
14, 4.806
13, 4.610
12, 4.337
11, 3.945
10, 3.533
9, 3.351
8, 2.966
7, 2.819
6, 2.630
5, 2.378
4, 2.196
3, 1.812
2, 1.707
1, 1.434
0, 1.147
-1, 1.042
-2, 0.861
-3, 0.560
-4, 0.308
-5, 0.203
-6, -0.056
-7, -0.203
-8, -0.650
-9, -0.937
-10, -1.147
-11, -1.433
-12, -1.734
-13, -1.839
-14, -1.965
-15, -2.357
-16, -2.497
-17, -2.728
-18, -3.070
-19, -3.168
-20, -3.280
-21, -3.511
-22, -3.693
-22, -3.973
-21, -4.190
-20, -4.246
-19, -4.246
-18, -4.288
-17, -4.281
-16, -4.092
-15, -3.903
-14, -3.595
-13, -3.441
-12, -3.182
-11, -3.021
-10, -2.840
-9, -2.644
-8, -2.217
-7, -2.098
-6, -1.930
-5, -1.692
-4, -1.664
-3, -1.182
-2, -0.944
-1, -0.587
0, -0.426
0, -0.259
1, -0.063
2, -0.007
3, 0.189
4, 0.329
5, 0.567
6, 0.965
7, 1.168
8, 1.315
9, 1.525
10, 1.693
11, 1.875
12, 2.147
13, 2.511
14, 2.651
15, 2.861
16, 3.162
17, 3.281
18, 3.547
19, 3.792
20, 4.008
21, 4.197
22, 4.372
22, 4.463
21, 4.841
20, 4.953
19, 4.967
18, 4.939
17, 4.862
16, 4.904
15, 4.827
14, 4.694
13, 4.428
12, 4.218
11, 3.924
10, 3.686
9, 3.539
8, 3.106
7, 2.889
6, 2.707
5, 2.490
4, 2.294
3, 2.021
2, 1.826
1, 1.602
0, 1.434
-1, 1.042
-2, 0.721
-3, 0.609
-4, 0.371
-5, 0.168
-6, -0.063
-7, -0.231
-8, -0.503
-9, -0.804
-10, -0.979
-11, -1.413
-12, -1.713
-13, -1.804
-14, -1.986
-15, -2.161
-16, -2.357
-17, -2.616
-18, -2.875
-19, -3.029
-20, -3.330
-21, -3.476
-22, -3.623
-22, -3.812
-21, -4.057
-20, -4.211
-19, -4.232
-18, -4.232
-17, -4.197
-16, -4.071
-15, -3.945
-14, -3.665
-13, -3.421
-12, -3.148
-11, -3.036
-10, -2.735
-9, -2.567
-8, -2.217
-7, -2.112
-6, -1.840
-5, -1.693
-4, -1.539
-3, -1.014
-2, -0.825
-1, -0.616
0, -0.406
0, -0.147
1, 0.014
2, 0.028
3, 0.231
4, 0.371
5, 0.580
6, 0.951
7, 1.140
8, 1.385
9, 1.581
10, 1.692
11, 1.951
12, 2.098
13, 2.371
14, 2.518
15, 2.889
16, 3.210
17, 3.364
18, 3.644
19, 3.798
20, 4.001
21, 4.225
22, 4.442
22, 4.575
21, 4.925
20, 4.939
19, 4.918
18, 4.883
17, 4.820
16, 4.799
15, 4.736
14, 4.575
13, 4.540
12, 4.379
11, 4.106
10, 3.581
9, 3.406
8, 3.182
7, 2.972
6, 2.770
5, 2.539
4, 2.357
3, 2.112
2, 1.811
1, 1.559
0, 1.434
-1, 1.028
-2, 0.776
-3, 0.622
-4, 0.405
-5, 0.161
-6, -0.028
-7, -0.084
-8, -0.357
-9, -0.665
-10, -0.867
-11, -1.245
-12, -1.525
-13, -1.770
-14, -2.007
-15, -2.224
-16, -2.406
-17, -2.707
-18, -2.952
-19, -3.071
-20, -3.225
-21, -3.442
-22, -3.756
-22, -4.009
-21, -4.211
-20, -4.204
-19, -4.176
-18, -4.197
-17, -4.155
-16, -3.987
-15, -3.855
-14, -3.610
-13, -3.435
-12, -3.162
-11, -2.910
-10, -2.763
-9, -2.581
-8, -2.210
-7, -2.007
-6, -1.777
-5, -1.616
-4, -1.427
-3, -1.014
-2, -0.833
-1, -0.679
0, -0.427
0, -0.161
1, -0.049
2, -0.007
3, 0.202
4, 0.384
5, 0.601
6, 0.895
7, 1.112
8, 1.364
9, 1.531
10, 1.664
11, 1.916
12, 2.119
13, 2.420
14, 2.490
15, 2.762
16, 3.028
17, 3.315
18, 3.539
19, 3.700
20, 3.889
21, 4.204
22, 4.400
22, 4.491
21, 4.897
20, 4.918
19, 4.932
18, 4.939
17, 4.925
16, 4.890
15, 4.798
14, 4.630
13, 4.505
12, 4.316
11, 4.029
10, 3.581
9, 3.413
8, 3.091
7, 2.937
6, 2.741
5, 2.497
4, 2.308
3, 1.930
2, 1.587
1, 1.287
0, 1.091
-1, 0.853
-2, 0.678
-3, 0.531
-4, 0.301
-5, 0.119
-6, -0.091
-7, -0.231
-8, -0.539
-9, -0.825
-10, -1.056
-11, -1.245
-12, -1.420
-13, -1.637
-14, -1.868
-15, -2.056
-16, -2.420
-17, -2.707
-18, -3.001
-19, -3.148
-20, -3.330
-21, -3.519
-22, -3.735
-22, -3.910
-21, -4.050
-20, -4.120
-19, -4.204
-18, -4.162
-17, -4.120
-16, -3.973
-15, -3.714
-14, -3.561
-13, -3.441
-12, -3.232
-11, -3.015
-10, -2.896
-9, -2.637
-8, -2.294
-7, -2.182
-6, -1.993
-5, -1.763
-4, -1.476
-3, -1.056
-2, -0.833
-1, -0.609
0, -0.399
0, -0.217
1, -0.049
2, 0.021
3, 0.217
4, 0.391
5, 0.552
6, 0.923
7, 1.063
8, 1.280
9, 1.532
10, 1.762
11, 1.930
12, 2.175
13, 2.315
14, 2.483
15, 2.714
16, 3.161
17, 3.378
18, 3.574
19, 3.721
20, 4.001
21, 4.218
22, 4.470
22, 4.554
21, 4.820
20, 4.848
19, 4.848
18, 4.841
17, 4.792
16, 4.813
15, 4.813
14, 4.750
13, 4.540
12, 4.260
11, 3.966
10, 3.581
9, 3.386
8, 3.120
7, 2.994
6, 2.756
5, 2.469
4, 2.091
3, 1.819
2, 1.623
1, 1.406
0, 1.294
-1, 1.091
-2, 0.762
-3, 0.525
-4, 0.245
-5, -0.014
-6, -0.238
-7, -0.497
-8, -0.664
-9, -0.790
-10, -1.021
-11, -1.329
-12, -1.567
-13, -1.741
-14, -1.881
-15, -2.413
-16, -2.525
-17, -2.826
-18, -2.952
-19, -3.217
-20, -3.441
-21, -3.672
-22, -3.840
-22, -4.015
-21, -4.197
-20, -4.302
-19, -4.260
-18, -4.197
-17, -4.176
-16, -3.994
-15, -3.854
-14, -3.658
-13, -3.372
-12, -3.106
-11, -2.938
-10, -2.714
-9, -2.651
-8, -2.245
-7, -2.070
-6, -1.903
-5, -1.658
-4, -1.427
-3, -1.049
-2, -0.811
-1, -0.651
0, -0.574
0, -0.413
1, -0.203
2, -0.112
3, 0.112
4, 0.336
5, 0.594
6, 0.930
7, 1.077
8, 1.259
9, 1.608
10, 1.797
11, 1.972
12, 2.140
13, 2.301
14, 2.525
15, 2.910
16, 3.189
17, 3.385
18, 3.539
19, 3.735
20, 3.903
21, 4.169
22, 4.323
22, 4.470
21, 4.841
20, 4.939
19, 4.918
18, 4.904
17, 4.855
16, 4.890
15, 4.799
14, 4.687
13, 4.491
12, 4.288
11, 4.008
10, 3.728
9, 3.385
8, 2.937
7, 2.805
6, 2.700
5, 2.308
4, 2.091
3, 1.825
2, 1.664
1, 1.336
0, 1.154
-1, 0.881
-2, 0.692
-3, 0.587
-4, 0.370
-5, 0.021
-6, -0.224
-7, -0.329
-8, -0.658
-9, -0.902
-10, -1.105
-11, -1.413
-12, -1.637
-13, -1.805
-14, -2.042
-15, -2.266
-16, -2.406
-17, -2.574
-18, -2.749
-19, -2.917
-20, -3.113
-21, -3.421
-22, -3.659
-22, -3.848
-21, -4.204
-20, -4.274
-19, -4.288
-18, -4.309
-17, -4.204
-16, -4.148
-15, -3.994
-14, -3.707
-13, -3.400
-12, -3.197
-11, -2.980
-10, -2.903
-9, -2.798
-8, -2.448
-7, -2.154
-6, -2.001
-5, -1.763
-4, -1.637
-3, -1.140
-2, -0.903
-1, -0.609
0, -0.420
0, -0.238
1, -0.007
2, 0.021
3, 0.146
4, 0.293
5, 0.468
6, 0.888
7, 1.063
8, 1.231
9, 1.426
10, 1.713
11, 1.860
12, 2.154
13, 2.336
14, 2.699
15, 2.874
16, 3.070
17, 3.336
18, 3.553
19, 3.749
20, 4.001
21, 4.183
22, 4.400
22, 4.470
21, 4.820
20, 4.918
19, 4.918
18, 4.904
17, 4.792
16, 4.764
15, 4.665
14, 4.526
13, 4.407
12, 4.050
11, 3.931
10, 3.595
9, 3.462
8, 3.091
7, 2.819
6, 2.511
5, 2.371
4, 2.273
3, 2.014
2, 1.685
1, 1.489
0, 1.315
-1, 1.182
-2, 0.867
-3, 0.580
-4, 0.266
-5, -0.042
-6, -0.266
-7, -0.399
-8, -0.699
-9, -0.881
-10, -1.014
-11, -1.385
-12, -1.609
-13, -1.847
-14, -2.000
-15, -2.301
-16, -2.357
-17, -2.728
-18, -2.945
-19, -3.113
-20, -3.302
-21, -3.553
-22, -3.812
-22, -4.106
-21, -4.358
-20, -4.393
-19, -4.442
-18, -4.470
-17, -4.372
-16, -4.176
-15, -3.973
-14, -3.665
-13, -3.477
-12, -3.113
-11, -2.896
-10, -2.700
-9, -2.588
-8, -2.245
-7, -2.189
-6, -1.923
-5, -1.728
-4, -1.525
-3, -1.112
-2, -0.825
-1, -0.672
0, -0.483
0, -0.301
1, -0.014
2, -0.014
3, 0.217
4, 0.350
5, 0.524
6, 0.853
7, 1.126
8, 1.322
9, 1.567
10, 1.720
11, 1.923
12, 2.147
13, 2.441
14, 2.525
15, 2.791
16, 3.134
17, 3.371
18, 3.539
19, 3.693
20, 3.889
21, 4.204
22, 4.358
22, 4.540
21, 4.876
20, 4.932
19, 4.904
18, 4.904
17, 4.827
16, 4.827
15, 4.743
14, 4.498
13, 4.400
12, 4.197
11, 3.959
10, 3.623
9, 3.455
8, 3.190
7, 3.050
6, 2.798
5, 2.448
4, 2.196
3, 2.084
2, 1.560
1, 1.427
0, 1.280
-1, 1.014
-2, 0.769
-3, 0.573
-4, 0.259
-5, 0.105
-6, -0.098
-7, -0.273
-8, -0.567
-9, -0.993
-10, -1.140
-11, -1.343
-12, -1.525
-13, -1.644
-14, -1.972
-15, -2.343
-16, -2.462
-17, -2.693
-18, -2.952
-19, -3.169
-20, -3.428
-21, -3.505
-22, -3.778
-22, -4.036
-21, -4.155
-20, -4.344
-19, -4.330
-18, -4.323
-17, -4.267
-16, -4.113
-15, -4.002
-14, -3.743
-13, -3.477
-12, -3.218
-11, -2.987
-10, -2.833
-9, -2.679
-8, -2.315
-7, -2.154
-6, -1.924
-5, -1.728
-4, -1.602
-3, -1.112
-2, -0.909
-1, -0.679
0, -0.497
0, -0.287
1, -0.070
2, -0.021
3, 0.168
4, 0.371
5, 0.545
6, 0.867
7, 1.070
8, 1.301
9, 1.455
10, 1.664
11, 1.853
12, 2.112
13, 2.343
14, 2.497
15, 2.882
16, 3.210
17, 3.385
18, 3.546
19, 3.819
20, 4.015
21, 4.274
22, 4.442
22, 4.484
21, 4.897
20, 4.939
19, 4.904
18, 4.890
17, 4.806
16, 4.771
15, 4.708
14, 4.589
13, 4.463
12, 4.239
11, 3.987
10, 3.665
9, 3.392
8, 3.008
7, 2.840
6, 2.637
5, 2.448
4, 2.252
3, 2.007
2, 1.622
1, 1.399
0, 1.259
-1, 0.958
-2, 0.755
-3, 0.608
-4, 0.273
-5, 0.098
-6, -0.168
-7, -0.378
-8, -0.665
-9, -0.867
-10, -1.154
-11, -1.392
-12, -1.616
-13, -1.819
-14, -1.987
-15, -2.204
-16, -2.399
-17, -2.672
-18, -3.022
-19, -3.239
-20, -3.428
-21, -3.638
-22, -3.806
-22, -4.044
-21, -4.296
-20, -4.394
-19, -4.338
-18, -4.380
-17, -4.331
-16, -4.149
-15, -3.967
-14, -3.687
-13, -3.456
-12, -3.155
-11, -2.987
-10, -2.826
-9, -2.693
-8, -2.309
-7, -2.232
-6, -1.889
-5, -1.756
-4, -1.546
-3, -1.169
-2, -0.910
-1, -0.714
0, -0.539
0, -0.358
1, -0.099
2, -0.050
3, 0.160
4, 0.279
5, 0.517
6, 0.874
7, 1.041
8, 1.251
9, 1.454
10, 1.685
11, 1.874
12, 2.119
13, 2.419
14, 2.517
15, 2.776
16, 3.112
17, 3.280
18, 3.469
19, 3.637
20, 3.882
21, 4.162
22, 4.323
22, 4.484
21, 4.840
20, 4.855
19, 4.862
18, 4.876
17, 4.869
16, 4.826
15, 4.693
14, 4.539
13, 4.379
12, 4.155
11, 3.945
10, 3.616
9, 3.469
8, 3.112
7, 2.965
6, 2.615
5, 2.287
4, 2.175
3, 2.028
2, 1.776
1, 1.573
0, 1.265
-1, 1.014
-2, 0.650
-3, 0.524
-4, 0.237
-5, -0.021
-6, -0.280
-7, -0.385
-8, -0.798
-9, -1.022
-10, -1.280
-11, -1.476
-12, -1.658
-13, -1.770
-14, -2.113
-15, -2.449
-16, -2.644
-17, -2.707
-18, -2.938
-19, -3.106
-20, -3.372
-21, -3.610
-22, -3.841
-22, -4.079
-21, -4.324
-20, -4.401
-19, -4.415
-18, -4.457
-17, -4.359
-16, -4.163
-15, -3.953
-14, -3.687
-13, -3.393
-12, -3.155
-11, -2.882
-10, -2.756
-9, -2.637
-8, -2.393
-7, -2.309
-6, -2.008
-5, -1.798
-4, -1.644
-3, -1.176
-2, -0.945
-1, -0.742
0, -0.540
0, -0.281
1, -0.085
2, -0.092
3, 0.076
4, 0.265
5, 0.468
6, 0.838
7, 1.020
8, 1.279
9, 1.426
10, 1.664
11, 1.929
12, 2.027
13, 2.286
14, 2.433
15, 2.734
16, 3.098
17, 3.266
18, 3.440
19, 3.623
20, 3.881
21, 4.084
22, 4.273
22, 4.434
21, 4.812
20, 4.833
19, 4.798
18, 4.812
17, 4.770
16, 4.777
15, 4.630
14, 4.490
13, 4.420
12, 4.273
11, 3.930
10, 3.496
9, 3.454
8, 3.224
7, 2.811
6, 2.622
5, 2.342
4, 2.251
3, 1.972
2, 1.699
1, 1.328
0, 1.146
-1, 0.992
-2, 0.762
-3, 0.622
-4, 0.272
-5, 0.153
-6, -0.007
-7, -0.084
-8, -0.441
-9, -1.015
-10, -1.253
-11, -1.462
-12, -1.742
-13, -2.022
-14, -2.211
-15, -2.406
-16, -2.518
-17, -2.763
-18, -3.071
-19, -3.253
-20, -3.358
-21, -3.652
-22, -3.855
-22, -4.065
-21, -4.303
-20, -4.331
-19, -4.289
-18, -4.309
-17, -4.281
-16, -4.114
-15, -3.974
-14, -3.631
-13, -3.442
-12, -3.253
-11, -3.085
-10, -2.812
-9, -2.665
-8, -2.211
-7, -2.127
-6, -1.882
-5, -1.686
-4, -1.567
-3, -1.175
-2, -1.043
-1, -0.756
0, -0.511
0, -0.343
1, -0.098
2, -0.063
3, 0.167
4, 0.349
5, 0.566
6, 0.936
7, 1.069
8, 1.265
9, 1.524
10, 1.734
11, 1.951
12, 2.140
13, 2.349
14, 2.538
15, 2.769
16, 3.049
17, 3.322
18, 3.546
19, 3.798
20, 3.966
21, 4.232
22, 4.386
22, 4.428
21, 4.834
20, 4.904
19, 4.883
18, 4.882
17, 4.791
16, 4.798
15, 4.777
14, 4.518
13, 4.357
12, 4.126
11, 3.833
10, 3.588
9, 3.413
8, 3.042
7, 2.762
6, 2.517
5, 2.356
4, 2.182
3, 1.951
2, 1.615
1, 1.286
0, 1.056
-1, 0.783
-2, 0.601
-3, 0.349
-4, 0.237
-5, -0.007
-6, -0.203
-7, -0.252
-8, -0.532
-9, -0.931
-10, -1.266
-11, -1.511
-12, -1.595
-13, -1.728
-14, -1.924
-15, -2.337
-16, -2.428
-17, -2.694
-18, -2.890
-19, -3.078
-20, -3.267
-21, -3.505
-22, -3.666
-22, -3.953
-21, -4.268
-20, -4.310
-19, -4.352
-18, -4.324
-17, -4.254
-16, -4.100
-15, -3.939
-14, -3.680
-13, -3.421
-12, -3.246
-11, -3.029
-10, -2.924
-9, -2.672
-8, -2.393
-7, -2.218
-6, -2.085
-5, -1.770
-4, -1.602
-3, -1.162
-2, -0.924
-1, -0.707
0, -0.560
0, -0.323
1, -0.099
2, -0.043
3, 0.118
4, 0.286
5, 0.524
6, 0.831
7, 1.013
8, 1.265
9, 1.433
10, 1.656
11, 1.957
12, 2.013
13, 2.272
14, 2.377
15, 2.894
16, 3.168
17, 3.343
18, 3.594
19, 3.748
20, 4.000
21, 4.245
22, 4.371
22, 4.434
21, 4.770
20, 4.819
19, 4.777
18, 4.742
17, 4.700
16, 4.763
15, 4.686
14, 4.539
13, 4.406
12, 4.224
11, 3.839
10, 3.440
9, 3.307
8, 3.048
7, 2.901
6, 2.734
5, 2.447
4, 2.300
3, 2.027
2, 1.748
1, 1.412
0, 1.181
-1, 1.062
-2, 0.818
-3, 0.559
-4, 0.328
-5, 0.041
-6, -0.155
-7, -0.337
-8, -0.616
-9, -0.917
-10, -1.253
-11, -1.539
-12, -1.707
-13, -1.854
-14, -1.973
-15, -2.379
-16, -2.575
-17, -2.735
-18, -2.896
-19, -3.064
-20, -3.218
-21, -3.456
-22, -3.750
-22, -4.170
-21, -4.408
-20, -4.366
-19, -4.387
-18, -4.359
-17, -4.331
-16, -4.170
-15, -4.030
-14, -3.729
-13, -3.491
-12, -3.197
-11, -3.009
-10, -2.946
-9, -2.736
-8, -2.400
-7, -2.267
-6, -1.994
-5, -1.840
-4, -1.623
-3, -1.127
-2, -0.882
-1, -0.700
0, -0.560
0, -0.337
1, -0.183
2, -0.155
3, 0.048
4, 0.209
5, 0.489
6, 0.817
7, 1.041
8, 1.251
9, 1.475
10, 1.607
11, 1.845
12, 2.055
13, 2.398
14, 2.601
15, 2.915
16, 3.153
17, 3.468
18, 3.629
19, 3.741
20, 3.944
21, 4.259
22, 4.455
22, 4.546
21, 4.833
20, 4.840
19, 4.826
18, 4.819
17, 4.749
16, 4.769
15, 4.706
14, 4.496
13, 4.370
12, 4.154
11, 3.846
10, 3.412
9, 3.419
8, 3.034
7, 2.825
6, 2.559
5, 2.363
4, 2.237
3, 2.041
2, 1.726
1, 1.481
0, 1.264
-1, 0.845
-2, 0.544
-3, 0.377
-4, 0.111
-5, -0.155
-6, -0.316
-7, -0.638
-8, -0.806
-9, -0.953
-10, -1.107
-11, -1.414
-12, -1.652
-13, -1.834
-14, -1.974
-15, -2.198
-16, -2.393
-17, -2.673
-18, -2.967
-19, -3.177
-20, -3.429
-21, -3.702
-22, -3.940
-22, -4.080
-21, -4.261
-20, -4.282
-19, -4.331
-18, -4.401
-17, -4.373
-16, -4.240
-15, -4.010
-14, -3.723
-13, -3.485
-12, -3.205
-11, -3.016
-10, -2.848
-9, -2.743
-8, -2.338
-7, -2.268
-6, -1.974
-5, -1.771
-4, -1.652
-3, -1.205
-2, -0.995
-1, -0.743
0, -0.589
0, -0.456
1, -0.184
2, -0.121
3, 0.026
4, 0.180
5, 0.376
6, 0.802
7, 0.991
8, 1.208
9, 1.404
10, 1.670
11, 1.879
12, 2.033
13, 2.313
14, 2.509
15, 2.712
16, 3.027
17, 3.257
18, 3.432
19, 3.628
20, 3.859
21, 4.202
22, 4.286
22, 4.363
21, 4.741
20, 4.776
19, 4.811
18, 4.811
17, 4.734
16, 4.748
15, 4.706
14, 4.580
13, 4.356
12, 4.132
11, 3.831
10, 3.474
9, 3.166
8, 2.803
7, 2.649
6, 2.453
5, 2.244
4, 2.132
3, 1.844
2, 1.579
1, 1.355
0, 1.090
-1, 0.698
-2, 0.481
-3, 0.299
-4, 0.152
-5, 0.006
-6, -0.162
-7, -0.309
-8, -0.701
-9, -1.037
-10, -1.274
-11, -1.491
-12, -1.659
-13, -1.799
-14, -1.939
-15, -2.198
-16, -2.345
-17, -2.631
-18, -2.862
-19, -3.212
-20, -3.506
-21, -3.737
-22, -3.898
-22, -4.065
-21, -4.248
-20, -4.283
-19, -4.318
-18, -4.353
-17, -4.352
-16, -4.157
-15, -3.982
-14, -3.632
-13, -3.408
-12, -3.191
-11, -2.988
-10, -2.925
-9, -2.736
-8, -2.303
-7, -2.163
-6, -1.911
-5, -1.736
-4, -1.603
-3, -1.330
-2, -0.981
-1, -0.743
0, -0.540
0, -0.337
1, -0.141
2, -0.134
3, 0.069
4, 0.216
5, 0.495
6, 0.873
7, 1.131
8, 1.264
9, 1.446
10, 1.621
11, 1.929
12, 2.090
13, 2.356
14, 2.524
15, 2.727
16, 3.041
17, 3.314
18, 3.517
19, 3.706
20, 3.951
21, 4.175
22, 4.350
22, 4.504
21, 4.882
20, 4.868
19, 4.840
18, 4.819
17, 4.826
16, 4.791
15, 4.636
14, 4.468
13, 4.385
12, 4.231
11, 3.902
10, 3.587
9, 3.440
8, 3.139
7, 2.985
6, 2.635
5, 2.384
4, 2.160
3, 1.971
2, 1.790
1, 1.482
0, 1.153
-1, 0.964
-2, 0.712
-3, 0.635
-4, 0.363
-5, 0.090
-6, -0.127
-7, -0.267
-8, -0.679
-9, -0.952
-10, -1.169
-11, -1.421
-12, -1.638
-13, -1.904
-14, -2.099
-15, -2.302
-16, -2.435
-17, -2.827
-18, -3.100
-19, -3.240
-20, -3.471
-21, -3.680
-22, -3.869
-22, -4.024
-21, -4.234
-20, -4.317
-19, -4.331
-18, -4.359
-17, -4.352
-16, -4.205
-15, -4.058
-14, -3.736
-13, -3.457
-12, -3.205
-11, -3.016
-10, -2.883
-9, -2.736
-8, -2.344
-7, -2.274
-6, -2.008
-5, -1.813
-4, -1.561
-3, -1.155
-2, -0.903
-1, -0.722
0, -0.526
0, -0.337
1, -0.113
2, -0.085
3, 0.083
4, 0.286
5, 0.495
6, 0.796
7, 0.992
8, 1.244
9, 1.467
10, 1.684
11, 1.880
12, 2.027
13, 2.279
14, 2.433
15, 2.825
16, 3.090
17, 3.293
18, 3.524
19, 3.671
20, 3.832
21, 4.035
22, 4.210
22, 4.399
21, 4.784
20, 4.812
19, 4.847
18, 4.868
17, 4.840
16, 4.784
15, 4.714
14, 4.560
13, 4.371
12, 4.098
11, 3.790
10, 3.475
9, 3.272
8, 2.888
7, 2.692
6, 2.552
5, 2.258
4, 2.076
3, 1.901
2, 1.636
1, 1.342
0, 1.083
-1, 0.817
-2, 0.558
-3, 0.355
-4, 0.174
-5, -0.064
-6, -0.253
-7, -0.428
-8, -0.805
-9, -1.043
-10, -1.232
-11, -1.414
-12, -1.673
-13, -1.819
-14, -1.938
-15, -2.183
-16, -2.400
-17, -2.750
-18, -2.952
-19, -3.170
-20, -3.505
-21, -3.750
-22, -3.946
-22, -4.219
-21, -4.352
-20, -4.359
-19, -4.331
-18, -4.359
-17, -4.331
-16, -4.177
-15, -4.009
-14, -3.799
-13, -3.561
-12, -3.379
-11, -3.183
-10, -2.890
-9, -2.778
-8, -2.393
-7, -2.204
-6, -2.029
-5, -1.763
-4, -1.637
-3, -1.260
-2, -1.092
-1, -0.826
0, -0.630
0, -0.399
1, -0.176
2, -0.113
3, 0.076
4, 0.258
5, 0.447
6, 0.803
7, 1.020
8, 1.146
9, 1.342
10, 1.566
11, 1.790
12, 2.063
13, 2.280
14, 2.489
15, 2.776
16, 3.091
17, 3.294
18, 3.497
19, 3.693
20, 3.966
21, 4.196
22, 4.336
22, 4.490
21, 4.742
20, 4.805
19, 4.812
18, 4.756
17, 4.707
16, 4.707
15, 4.665
14, 4.476
13, 4.287
12, 4.183
11, 4.022
10, 3.728
9, 3.469
8, 3.028
7, 2.881
6, 2.643
5, 2.273
4, 2.014
3, 1.895
2, 1.587
1, 1.377
0, 1.139
-1, 0.797
-2, 0.517
-3, 0.363
-4, 0.174
-5, -0.015
-6, -0.232
-7, -0.448
-8, -0.854
-9, -1.141
-10, -1.372
-11, -1.462
-12, -1.784
-13, -1.931
-14, -2.141
-15, -2.428
-16, -2.568
-17, -2.861
-18, -3.001
-19, -3.295
-20, -3.498
-21, -3.855
-22, -4.051
-22, -4.170
-21, -4.268
-20, -4.324
-19, -4.443
-18, -4.429
-17, -4.387
-16, -4.212
-15, -3.995
-14, -3.743
-13, -3.372
-12, -3.267
-11, -3.001
-10, -2.868
-9, -2.686
-8, -2.330
-7, -2.309
-6, -2.141
-5, -1.840
-4, -1.735
-3, -1.204
-2, -0.917
-1, -0.693
0, -0.518
0, -0.280
1, -0.071
2, -0.092
3, 0.076
4, 0.251
5, 0.426
6, 0.783
7, 0.965
8, 1.209
9, 1.356
10, 1.664
11, 1.916
12, 2.013
13, 2.300
14, 2.454
15, 2.790
16, 3.195
17, 3.266
18, 3.497
19, 3.637
20, 3.881
21, 4.119
22, 4.294
22, 4.378
21, 4.728
20, 4.791
19, 4.805
18, 4.819
17, 4.763
16, 4.749
15, 4.651
14, 4.448
13, 4.393
12, 4.140
11, 3.903
10, 3.539
9, 3.329
8, 2.916
7, 2.664
6, 2.440
5, 2.252
4, 2.042
3, 1.944
2, 1.629
1, 1.370
0, 1.307
-1, 1.035
-2, 0.692
-3, 0.566
-4, 0.307
-5, -0.028
-6, -0.336
-7, -0.455
-8, -0.707
-9, -0.917
-10, -1.231
-11, -1.455
-12, -1.637
-13, -1.805
-14, -1.973
-15, -2.322
-16, -2.406
-17, -2.651
-18, -2.938
-19, -3.176
-20, -3.365
-21, -3.708
-22, -3.841
-22, -4.093
-21, -4.261
-20, -4.366
-19, -4.408
-18, -4.436
-17, -4.331
-16, -4.128
-15, -3.995
-14, -3.792
-13, -3.547
-12, -3.253
-11, -3.092
-10, -2.903
-9, -2.679
-8, -2.364
-7, -2.197
-6, -1.952
-5, -1.805
-4, -1.630
-3, -1.127
-2, -0.952
-1, -0.693
0, -0.609
0, -0.448
1, -0.203
2, -0.141
3, 0.090
4, 0.223
5, 0.440
6, 0.783
7, 0.957
8, 1.174
9, 1.412
10, 1.608
11, 1.839
12, 2.112
13, 2.322
14, 2.462
15, 2.783
16, 3.084
17, 3.217
18, 3.427
19, 3.735
20, 4.022
21, 4.169
22, 4.288
22, 4.498
21, 4.799
20, 4.841
19, 4.841
18, 4.834
17, 4.771
16, 4.743
15, 4.672
14, 4.561
13, 4.428
12, 3.966
11, 3.742
10, 3.434
9, 3.336
8, 3.105
7, 3.007
6, 2.685
5, 2.378
4, 2.049
3, 1.881
2, 1.482
1, 1.280
0, 1.063
-1, 0.867
-2, 0.685
-3, 0.468
-4, 0.259
-5, 0.042
-6, -0.259
-7, -0.413
-8, -0.867
-9, -1.168
-10, -1.182
-11, -1.308
-12, -1.700
-13, -1.902
-14, -1.993
-15, -2.364
-16, -2.553
-17, -2.791
-18, -2.945
-19, -3.183
-20, -3.365
-21, -3.554
-22, -3.714
-22, -4.058
-21, -4.260
-20, -4.344
-19, -4.393
-18, -4.379
-17, -4.295
-16, -4.162
-15, -4.022
-14, -3.735
-13, -3.561
-12, -3.211
-11, -2.987
-10, -2.777
-9, -2.686
-8, -2.364
-7, -2.231
-6, -2.071
-5, -1.756
-4, -1.644
-3, -1.203
-2, -0.945
-1, -0.700
0, -0.532
0, -0.364
1, -0.154
2, -0.070
3, 0.118
4, 0.307
5, 0.482
6, 0.832
7, 1.007
8, 1.216
9, 1.454
10, 1.678
11, 1.909
12, 2.126
13, 2.349
14, 2.552
15, 2.657
16, 3.035
17, 3.315
18, 3.553
19, 3.833
20, 4.036
21, 4.211
22, 4.407
22, 4.442
21, 4.764
20, 4.813
19, 4.819
18, 4.799
17, 4.771
16, 4.812
15, 4.729
14, 4.616
13, 4.435
12, 4.162
11, 3.749
10, 3.385
9, 3.259
8, 2.881
7, 2.769
6, 2.525
5, 2.308
4, 2.035
3, 1.839
2, 1.441
1, 1.364
0, 1.308
-1, 0.846
-2, 0.636
-3, 0.440
-4, 0.266
-5, 0.021
-6, -0.210
-7, -0.567
-8, -0.742
-9, -1.035
-10, -1.168
-11, -1.441
-12, -1.651
-13, -1.798
-14, -2.029
-15, -2.378
-16, -2.441
-17, -2.826
-18, -3.099
-19, -3.141
-20, -3.491
-21, -3.743
-22, -3.876
-22, -4.065
-21, -4.267
-20, -4.267
-19, -4.316
-18, -4.372
-17, -4.344
-16, -4.134
-15, -4.030
-14, -3.645
-13, -3.470
-12, -3.323
-11, -3.092
-10, -2.854
-9, -2.637
-8, -2.280
-7, -2.231
-6, -1.958
-5, -1.812
-4, -1.560
-3, -1.175
-2, -0.979
-1, -0.707
0, -0.511
0, -0.329
1, -0.120
2, -0.106
3, 0.111
4, 0.251
5, 0.559
6, 0.818
7, 1.035
8, 1.237
9, 1.426
10, 1.622
11, 1.902
12, 2.063
13, 2.378
14, 2.573
15, 2.895
16, 3.175
17, 3.350
18, 3.532
19, 3.700
20, 3.882
21, 4.029
22, 4.281
22, 4.442
21, 4.855
20, 4.848
19, 4.841
18, 4.841
17, 4.764
16, 4.687
15, 4.673
14, 4.505
13, 4.372
12, 4.155
11, 3.938
10, 3.497
9, 3.336
8, 2.993
7, 2.790
6, 2.601
5, 2.364
4, 2.119
3, 1.944
2, 1.517
1, 1.244
0, 1.069
-1, 0.776
-2, 0.531
-3, 0.384
-4, 0.167
-5, -0.070
-6, -0.231
-7, -0.322
-8, -0.595
-9, -0.889
-10, -1.169
-11, -1.455
-12, -1.721
-13, -1.833
-14, -1.959
-15, -2.232
-16, -2.651
-17, -2.861
-18, -3.008
-19, -3.253
-20, -3.421
-21, -3.645
-22, -3.799
-22, -3.981
-21, -4.212
-20, -4.331
-19, -4.338
-18, -4.373
-17, -4.373
-16, -4.261
-15, -4.044
-14, -3.736
-13, -3.540
-12, -3.253
-11, -3.050
-10, -2.854
-9, -2.749
-8, -2.414
-7, -2.197
-6, -2.036
-5, -1.798
-4, -1.707
-3, -1.225
-2, -1.071
-1, -0.756
0, -0.568
0, -0.288
1, -0.085
2, -0.106
3, 0.097
4, 0.293
5, 0.489
6, 0.831
7, 1.034
8, 1.230
9, 1.377
10, 1.656
11, 1.852
12, 2.160
13, 2.307
14, 2.412
15, 2.755
16, 3.104
17, 3.272
18, 3.475
19, 3.685
20, 3.965
21, 4.168
22, 4.287
22, 4.455
21, 4.833
20, 4.868
19, 4.819
18, 4.826
17, 4.777
16, 4.742
15, 4.707
14, 4.602
13, 4.294
12, 4.077
11, 3.895
10, 3.489
9, 3.321
8, 2.964
7, 2.713
6, 2.552
5, 2.258
4, 1.999
3, 1.754
2, 1.474
1, 1.222
0, 1.013
-1, 0.691
-2, 0.495
-3, 0.306
-4, 0.089
-5, -0.043
-6, -0.211
-7, -0.505
-8, -0.917
-9, -1.050
-10, -1.211
-11, -1.372
-12, -1.666
-13, -1.862
-14, -2.029
-15, -2.386
-16, -2.561
-17, -2.890
-18, -3.093
-19, -3.191
-20, -3.324
-21, -3.743
-22, -3.932
-22, -4.017
-21, -4.170
-20, -4.282
-19, -4.359
-18, -4.359
-17, -4.317
-16, -4.107
-15, -3.855
-14, -3.631
-13, -3.428
-12, -3.261
-11, -2.988
-10, -2.757
-9, -2.617
-8, -2.288
-7, -2.204
-6, -1.966
-5, -1.862
-4, -1.645
-3, -1.274
-2, -0.952
-1, -0.687
0, -0.561
0, -0.407
1, -0.148
2, -0.092
3, 0.090
4, 0.258
5, 0.488
6, 0.810
7, 1.013
8, 1.188
9, 1.412
10, 1.650
11, 1.915
12, 2.132
13, 2.419
14, 2.580
15, 2.804
16, 3.049
17, 3.307
18, 3.468
19, 3.664
20, 3.874
21, 4.175
22, 4.210
22, 4.462
21, 4.784
20, 4.854
19, 4.840
18, 4.833
17, 4.756
16, 4.798
15, 4.665
14, 4.532
13, 4.483
12, 4.084
11, 3.811
10, 3.531
9, 3.335
8, 2.909
7, 2.720
6, 2.601
5, 2.272
4, 1.978
3, 1.804
2, 1.573
1, 1.307
0, 1.188
-1, 0.943
-2, 0.573
-3, 0.566
-4, 0.363
-5, 0.076
-6, -0.183
-7, -0.407
-8, -0.812
-9, -1.064
-10, -1.372
-11, -1.442
-12, -1.651
-13, -1.749
-14, -2.008
-15, -2.323
-16, -2.365
-17, -2.596
-18, -2.911
-19, -3.079
-20, -3.393
-21, -3.610
-22, -3.792
-22, -4.079
-21, -4.254
-20, -4.303
-19, -4.366
-18, -4.401
-17, -4.394
-16, -4.219
-15, -4.030
-14, -3.848
-13, -3.421
-12, -3.205
-11, -2.981
-10, -2.806
-9, -2.680
-8, -2.386
-7, -2.204
-6, -1.960
-5, -1.694
-4, -1.540
-3, -1.162
-2, -0.938
-1, -0.708
0, -0.484
0, -0.281
1, -0.093
2, -0.072
3, 0.131
4, 0.299
5, 0.488
6, 0.838
7, 0.992
8, 1.229
9, 1.390
10, 1.642
11, 1.880
12, 2.048
13, 2.327
14, 2.593
15, 2.817
16, 3.181
17, 3.342
18, 3.496
19, 3.670
20, 3.936
21, 4.251
22, 4.399
22, 4.475
21, 4.811
20, 4.825
19, 4.839
18, 4.860
17, 4.804
16, 4.825
15, 4.797
14, 4.699
13, 4.433
12, 4.286
11, 3.880
10, 3.552
9, 3.335
8, 3.069
7, 2.873
6, 2.705
5, 2.362
4, 2.026
3, 1.824
2, 1.572
1, 1.334
0, 1.152
-1, 0.740
-2, 0.467
-3, 0.313
-4, 0.103
-5, -0.044
-6, -0.219
-7, -0.373
-8, -0.701
-9, -1.044
-10, -1.317
-11, -1.484
-12, -1.694
-13, -1.792
-14, -1.967
-15, -2.359
-16, -2.506
-17, -2.624
-18, -2.981
-19, -3.296
-20, -3.548
-21, -3.569
-22, -3.758
-22, -4.038
-21, -4.374
-20, -4.360
-19, -4.339
-18, -4.310
-17, -4.282
-16, -4.115
-15, -3.912
-14, -3.590
-13, -3.394
-12, -3.177
-11, -2.981
-10, -2.918
-9, -2.848
-8, -2.422
-7, -2.198
-6, -1.890
-5, -1.764
-4, -1.533
-3, -1.142
-2, -0.995
-1, -0.694
0, -0.547
0, -0.359
1, -0.113
2, -0.072
3, 0.145
4, 0.299
5, 0.530
6, 0.830
7, 1.047
8, 1.215
9, 1.432
10, 1.656
11, 1.873
12, 2.068
13, 2.355
14, 2.558
15, 2.859
16, 3.117
17, 3.356
18, 3.523
19, 3.747
20, 4.042
21, 4.265
22, 4.370
22, 4.559
21, 4.783
20, 4.853
19, 4.874
18, 4.853
17, 4.839
16, 4.825
15, 4.818
14, 4.545
13, 4.427
12, 4.132
11, 3.957
10, 3.580
9, 3.377
8, 2.943
7, 2.789
6, 2.565
5, 2.180
4, 1.999
3, 1.845
2, 1.621
1, 1.523
0, 1.236
-1, 0.831
-2, 0.642
-3, 0.313
-4, 0.110
-5, 0.012
-6, -0.135
-7, -0.232
-8, -0.610
-9, -0.932
-10, -1.156
-11, -1.414
-12, -1.638
-13, -1.764
-14, -2.044
-15, -2.520
-16, -2.645
-17, -2.820
-18, -3.044
-19, -3.387
-20, -3.632
-21, -3.807
-22, -3.898
-22, -4.129
-21, -4.276
-20, -4.360
-19, -4.346
-18, -4.325
-17, -4.325
-16, -4.157
-15, -3.968
-14, -3.681
-13, -3.429
-12, -3.170
-11, -2.911
-10, -2.709
-9, -2.653
-8, -2.282
-7, -2.198
-6, -1.925
-5, -1.771
-4, -1.589
-3, -1.156
-2, -0.981
-1, -0.694
0, -0.541
