0, -0.119
1, -0.119
2, -0.140
3, -0.021
4, -0.014
5, 0.350
6, 0.350
7, 0.895
8, 0.895
9, 1.203
10, 1.217
11, 1.699
12, 1.769
13, 2.091
14, 2.189
15, 2.497
16, 2.504
17, 3.085
18, 3.078
19, 3.413
20, 3.441
21, 3.833
22, 3.917
22, 4.281
21, 4.351
20, 4.407
19, 4.407
18, 4.407
17, 4.407
16, 4.302
15, 4.302
14, 4.190
13, 4.176
12, 3.658
11, 3.553
10, 3.189
9, 3.182
8, 2.574
7, 2.574
6, 2.182
5, 2.154
4, 1.748
3, 1.692
2, 1.210
1, 1.105
0, 0.720
-1, 0.720
-2, 0.336
-3, 0.336
-4, -0.112
-5, -0.140
-6, -0.455
-7, -0.602
-8, -1.147
-9, -1.245
-10, -1.546
-11, -1.546
-12, -1.958
-13, -1.958
-14, -2.280
-15, -2.322
-16, -2.791
-17, -2.833
-18, -3.260
-19, -3.344
-20, -3.672
-21, -3.672
-22, -4.085
-22, -4.085
-21, -4.561
-20, -4.568
-19, -4.561
-18, -4.554
-17, -4.533
-16, -4.470
-15, -4.036
-14, -4.015
-13, -3.561
-12, -3.532
-11, -3.106
-10, -3.092
-9, -2.693
-8, -2.651
-7, -2.182
-6, -2.078
-5, -1.854
-4, -1.840
-3, -1.476
-2, -1.462
-1, -0.805
0, -0.777
0, -0.364
1, -0.266
2, -0.148
3, -0.148
4, 0.293
5, 0.279
6, 0.615
7, 0.636
8, 1.153
9, 1.216
10, 1.594
11, 1.671
12, 2.035
13, 2.042
14, 2.496
15, 2.503
16, 2.923
17, 2.958
18, 3.469
19, 3.532
20, 3.840
21, 3.945
22, 4.288
22, 4.316
21, 4.638
20, 4.638
19, 4.644
18, 4.644
17, 4.623
16, 4.554
15, 4.483
14, 4.455
13, 4.190
12, 4.176
11, 3.665
10, 3.630
9, 3.161
8, 3.035
7, 2.643
6, 2.580
5, 2.217
4, 2.112
3, 1.685
2, 1.454
1, 1.161
0, 1.168
-1, 0.650
-2, 0.629
-3, 0.273
-4, 0.175
-5, -0.189
-6, -0.301
-7, -0.630
-8, -0.672
-9, -1.238
-10, -1.238
-11, -1.651
-12, -1.700
-13, -1.966
-14, -2.042
-15, -2.469
-16, -2.588
-17, -2.959
-18, -3.099
-19, -3.365
-20, -3.385
-21, -3.791
-22, -3.805
-22, -4.211
-21, -4.253
-20, -4.505
-19, -4.498
-18, -4.477
-17, -4.470
-16, -4.148
-15, -4.148
-14, -3.791
-13, -3.756
-12, -3.302
-11, -3.239
-10, -2.805
-9, -2.756
-8, -2.476
-7, -2.364
-6, -2.007
-5, -2.007
-4, -1.581
-3, -1.588
-2, -1.168
-1, -1.015
0, -0.518
0, -0.455
1, -0.154
2, -0.154
3, -0.001
4, 0.034
5, 0.426
6, 0.419
7, 0.958
8, 1.006
9, 1.335
10, 1.489
11, 1.797
12, 1.923
13, 2.196
14, 2.203
15, 2.650
16, 2.713
17, 3.210
18, 3.294
19, 3.651
20, 3.721
21, 4.050
22, 4.197
22, 4.456
21, 4.463
20, 4.631
19, 4.631
18, 4.617
17, 4.617
16, 4.512
15, 4.526
14, 4.406
13, 4.351
12, 3.882
11, 3.882
10, 3.371
9, 3.364
8, 2.797
7, 2.721
6, 2.357
5, 2.238
4, 1.902
3, 1.748
2, 1.336
1, 1.336
0, 0.881
-1, 0.853
-2, 0.447
-3, 0.377
-4, -0.028
-5, -0.140
-6, -0.406
-7, -0.560
-8, -1.056
-9, -1.063
-10, -1.504
-11, -1.532
-12, -1.902
-13, -1.951
-14, -2.273
-15, -2.434
-16, -2.777
-17, -2.910
-18, -3.232
-19, -3.239
-20, -3.665
-21, -3.707
-22, -4.050
-22, -4.099
-21, -4.547
-20, -4.561
-19, -4.561
-18, -4.554
-17, -4.533
-16, -4.505
-15, -4.057
-14, -4.057
-13, -3.658
-12, -3.540
-11, -3.120
-10, -3.008
-9, -2.700
-8, -2.581
-7, -2.217
-6, -2.196
-5, -1.875
-4, -1.868
-3, -1.490
-2, -1.427
-1, -0.854
0, -0.728
0, -0.406
1, -0.266
2, -0.140
3, -0.140
4, 0.258
5, 0.265
6, 0.650
7, 0.769
8, 1.188
9, 1.237
10, 1.608
11, 1.727
12, 2.063
13, 2.070
14, 2.497
15, 2.511
16, 2.867
17, 2.986
18, 3.476
19, 3.525
20, 3.861
21, 3.924
22, 4.309
22, 4.442
21, 4.666
20, 4.673
19, 4.673
18, 4.673
17, 4.631
16, 4.588
15, 4.490
14, 4.462
13, 4.238
12, 4.085
11, 3.672
10, 3.644
9, 3.084
8, 3.035
7, 2.650
6, 2.594
5, 2.210
4, 2.126
3, 1.685
2, 1.678
1, 1.203
0, 1.161
-1, 0.713
-2, 0.629
-3, 0.280
-4, 0.175
-5, -0.161
-6, -0.266
-7, -0.630
-8, -0.853
-9, -1.210
-10, -1.210
-11, -1.623
-12, -1.637
-13, -1.937
-14, -1.986
-15, -2.462
-16, -2.609
-17, -2.952
-18, -3.078
-19, -3.315
-20, -3.372
-21, -3.784
-22, -3.798
-22, -4.211
-21, -4.267
-20, -4.533
-19, -4.519
-18, -4.498
-17, -4.498
-16, -4.190
-15, -4.176
-14, -3.791
-13, -3.784
-12, -3.330
-11, -3.253
-10, -2.833
-9, -2.784
-8, -2.511
-7, -2.399
-6, -2.028
-5, -1.993
-4, -1.609
-3, -1.595
-2, -1.133
-1, -1.000
0, -0.553
0, -0.511
1, -0.203
2, -0.203
3, 0.021
4, 0.062
5, 0.433
6, 0.433
7, 0.944
8, 1.055
9, 1.370
10, 1.503
11, 1.825
12, 1.958
13, 2.280
14, 2.280
15, 2.713
16, 2.748
17, 3.217
18, 3.308
19, 3.672
20, 3.742
21, 4.071
22, 4.190
22, 4.477
21, 4.477
20, 4.652
19, 4.659
18, 4.645
17, 4.645
16, 4.547
15, 4.568
14, 4.427
13, 4.379
12, 3.931
11, 3.924
10, 3.413
9, 3.413
8, 2.888
7, 2.846
6, 2.462
5, 2.350
4, 1.986
3, 1.818
2, 1.441
1, 1.441
0, 0.937
-1, 0.923
-2, 0.559
-3, 0.517
-4, 0.105
-5, 0.007
-6, -0.287
-7, -0.448
-8, -0.965
-9, -0.979
-10, -1.406
-11, -1.406
-12, -1.818
-13, -1.853
-14, -2.175
-15, -2.287
-16, -2.651
-17, -2.812
-18, -3.168
-19, -3.168
-20, -3.588
-21, -3.595
-22, -3.987
-22, -4.022
-21, -4.484
-20, -4.505
-19, -4.505
-18, -4.498
-17, -4.491
-16, -4.379
-15, -4.008
-14, -4.008
-13, -3.504
-12, -3.497
-11, -3.064
-10, -2.987
-9, -2.630
-8, -2.546
-7, -2.210
-6, -2.182
-5, -1.867
-4, -1.860
-3, -1.497
-2, -1.385
-1, -0.860
0, -0.770
0, -0.406
1, -0.266
2, -0.196
3, -0.161
4, 0.272
5, 0.286
6, 0.622
7, 0.699
8, 1.167
9, 1.230
10, 1.608
11, 1.699
12, 2.007
13, 2.168
14, 2.476
15, 2.476
16, 2.888
17, 2.937
18, 3.399
19, 3.469
20, 3.812
21, 3.889
22, 4.253
22, 4.372
21, 4.603
20, 4.603
19, 4.603
18, 4.603
17, 4.596
16, 4.526
15, 4.434
14, 4.406
13, 4.183
12, 4.183
11, 3.630
10, 3.574
9, 3.098
8, 2.979
7, 2.588
6, 2.511
5, 2.126
4, 1.986
3, 1.643
2, 1.636
1, 1.119
0, 1.126
-1, 0.706
-2, 0.594
-3, 0.287
-4, 0.217
-5, -0.189
-6, -0.287
-7, -0.678
-8, -0.881
-9, -1.238
-10, -1.245
-11, -1.616
-12, -1.686
-13, -2.014
-14, -2.070
-15, -2.504
-16, -2.616
-17, -3.022
-18, -3.120
-19, -3.392
-20, -3.434
-21, -3.840
-22, -3.861
-22, -4.267
-21, -4.330
-20, -4.568
-19, -4.568
-18, -4.547
-17, -4.547
-16, -4.211
-15, -4.211
-14, -3.882
-13, -3.882
-12, -3.372
-11, -3.309
-10, -2.882
-9, -2.763
-8, -2.560
-7, -2.427
-6, -2.092
-5, -2.085
-4, -1.700
-3, -1.658
-2, -1.176
-1, -1.022
0, -0.581
0, -0.532
1, -0.218
2, -0.204
3, -0.043
4, -0.022
5, 0.384
6, 0.384
7, 0.880
8, 0.943
9, 1.272
10, 1.384
11, 1.748
12, 1.895
13, 2.181
14, 2.181
15, 2.615
16, 2.643
17, 3.140
18, 3.203
19, 3.588
20, 3.651
21, 3.966
22, 4.063
22, 4.371
21, 4.385
20, 4.539
19, 4.539
18, 4.539
17, 4.539
16, 4.434
15, 4.434
14, 4.336
13, 4.287
12, 3.819
11, 3.819
10, 3.322
9, 3.322
8, 2.755
7, 2.713
6, 2.329
5, 2.189
4, 1.888
3, 1.734
2, 1.342
1, 1.335
0, 0.825
-1, 0.818
-2, 0.447
-3, 0.412
-4, -0.021
-5, -0.105
-6, -0.364
-7, -0.518
-8, -1.049
-9, -1.049
-10, -1.455
-11, -1.455
-12, -1.854
-13, -1.875
-14, -2.196
-15, -2.343
-16, -2.686
-17, -2.840
-18, -3.162
-19, -3.162
-20, -3.575
-21, -3.582
-22, -3.966
-22, -4.022
-21, -4.498
-20, -4.519
-19, -4.505
-18, -4.498
-17, -4.498
-16, -4.470
-15, -3.980
-14, -3.973
-13, -3.610
-12, -3.491
-11, -3.099
-10, -2.959
-9, -2.651
-8, -2.560
-7, -2.196
-6, -2.196
-5, -1.889
-4, -1.882
-3, -1.511
-2, -1.406
-1, -0.854
0, -0.742
0, -0.448
1, -0.308
2, -0.196
3, -0.196
4, 0.230
5, 0.244
6, 0.566
7, 0.636
8, 1.118
9, 1.202
10, 1.538
11, 1.664
12, 1.993
13, 1.993
14, 2.434
15, 2.441
16, 2.825
17, 2.944
18, 3.378
19, 3.462
20, 3.756
21, 3.882
22, 4.232
22, 4.267
21, 4.533
20, 4.540
19, 4.554
18, 4.554
17, 4.540
16, 4.491
15, 4.413
14, 4.393
13, 4.169
12, 4.169
11, 3.616
10, 3.560
9, 3.112
8, 2.979
7, 2.594
6, 2.504
5, 2.175
4, 2.021
3, 1.657
2, 1.657
1, 1.147
0, 1.133
-1, 0.685
-2, 0.566
-3, 0.279
-4, 0.154
-5, -0.182
-6, -0.294
-7, -0.616
-8, -0.658
-9, -1.210
-10, -1.217
-11, -1.574
-12, -1.644
-13, -1.930
-14, -2.021
-15, -2.420
-16, -2.567
-17, -2.910
-18, -2.924
-19, -3.330
-20, -3.351
-21, -3.756
-22, -3.777
-22, -4.204
-21, -4.330
-20, -4.498
-19, -4.484
-18, -4.470
-17, -4.470
-16, -4.134
-15, -4.141
-14, -3.798
-13, -3.756
-12, -3.274
-11, -3.183
-10, -2.805
-9, -2.672
-8, -2.497
-7, -2.497
-6, -2.036
-5, -2.029
-4, -1.623
-3, -1.574
-2, -1.091
-1, -0.987
0, -0.525
0, -0.441
1, -0.134
2, -0.141
3, 0.020
4, 0.069
5, 0.433
6, 0.433
7, 0.916
8, 1.111
9, 1.363
10, 1.531
11, 1.846
12, 1.846
13, 2.238
14, 2.245
15, 2.657
16, 2.762
17, 3.252
18, 3.329
19, 3.644
20, 3.763
21, 4.050
22, 4.197
22, 4.449
21, 4.463
20, 4.596
19, 4.603
18, 4.595
17, 4.595
16, 4.498
15, 4.511
14, 4.413
13, 4.413
12, 3.903
11, 3.882
10, 3.448
9, 3.350
8, 2.833
7, 2.735
6, 2.392
5, 2.231
4, 1.965
3, 1.965
2, 1.406
1, 1.399
0, 0.937
-1, 0.874
-2, 0.503
-3, 0.406
-4, 0.042
-5, -0.070
-6, -0.273
-7, -0.280
-8, -0.958
-9, -0.972
-10, -1.371
-11, -1.385
-12, -1.776
-13, -1.839
-14, -2.140
-15, -2.287
-16, -2.623
-17, -2.791
-18, -3.099
-19, -3.120
-20, -3.546
-21, -3.560
-22, -3.952
-22, -3.987
-21, -4.456
-20, -4.470
-19, -4.456
-18, -4.449
-17, -4.456
-16, -4.435
-15, -3.973
-14, -3.931
-13, -3.546
-12, -3.441
-11, -3.057
-10, -2.938
-9, -2.602
-8, -2.497
-7, -2.154
-6, -2.147
-5, -1.847
-4, -1.819
-3, -1.455
-2, -1.385
-1, -0.854
0, -0.721
0, -0.413
1, -0.392
2, -0.224
3, -0.210
4, 0.237
5, 0.279
6, 0.608
7, 0.650
8, 1.174
9, 1.251
10, 1.573
11, 1.573
12, 2.021
13, 2.028
14, 2.448
15, 2.497
16, 2.881
17, 3.028
18, 3.434
19, 3.546
20, 3.819
21, 3.819
22, 4.295
22, 4.302
21, 4.547
20, 4.554
19, 4.561
18, 4.554
17, 4.561
16, 4.484
15, 4.441
14, 4.449
13, 4.197
12, 4.169
11, 3.693
10, 3.595
9, 3.126
8, 2.979
7, 2.595
6, 2.483
5, 2.189
4, 2.189
3, 1.672
2, 1.644
1, 1.189
0, 1.119
-1, 0.665
-2, 0.581
-3, 0.294
-4, 0.147
-5, -0.175
-6, -0.182
-7, -0.671
-8, -0.727
-9, -1.210
-10, -1.238
-11, -1.601
-12, -1.706
-13, -1.951
-14, -2.049
-15, -2.455
-16, -2.608
-17, -2.965
-18, -2.965
-19, -3.385
-20, -3.385
-21, -3.791
-22, -3.847
-22, -4.211
-21, -4.344
-20, -4.519
-19, -4.512
-18, -4.505
-17, -4.512
-16, -4.238
-15, -4.155
-14, -3.840
-13, -3.812
-12, -3.336
-11, -3.175
-10, -2.867
-9, -2.706
-8, -2.546
-7, -2.539
-6, -2.098
-5, -2.084
-4, -1.706
-3, -1.650
-2, -1.168
-1, -1.021
0, -0.588
0, -0.469
1, -0.203
2, -0.217
3, -0.014
4, -0.014
5, 0.349
6, 0.370
7, 0.888
8, 1.014
9, 1.266
10, 1.412
11, 1.769
12, 1.776
13, 2.182
14, 2.210
15, 2.581
16, 2.707
17, 3.203
18, 3.294
19, 3.560
20, 3.707
21, 3.973
22, 3.980
22, 4.400
21, 4.421
20, 4.582
19, 4.582
18, 4.575
17, 4.582
16, 4.484
15, 4.519
14, 4.365
13, 4.365
12, 3.861
11, 3.812
10, 3.350
9, 3.322
8, 2.770
7, 2.672
6, 2.322
5, 2.182
4, 1.902
3, 1.895
2, 1.315
1, 1.294
0, 0.874
-1, 0.776
-2, 0.448
-3, 0.357
-4, -0.014
-5, -0.154
-6, -0.363
-7, -0.370
-8, -1.056
-9, -1.063
-10, -1.468
-11, -1.482
-12, -1.867
-13, -1.951
-14, -2.259
-15, -2.476
-16, -2.749
-17, -2.756
-18, -3.224
-19, -3.231
-20, -3.644
-21, -3.686
-22, -4.057
-22, -4.134
-21, -4.554
-20, -4.554
-19, -4.554
-18, -4.554
-17, -4.540
-16, -4.484
-15, -4.043
-14, -3.987
-13, -3.602
-12, -3.469
-11, -3.133
-10, -2.972
-9, -2.721
-8, -2.721
-7, -2.217
-6, -2.203
-5, -1.902
-4, -1.867
-3, -1.532
-2, -1.392
-1, -0.874
0, -0.707
0, -0.469
1, -0.469
2, -0.280
3, -0.280
4, 0.188
5, 0.230
6, 0.538
7, 0.615
8, 1.091
9, 1.203
10, 1.510
11, 1.650
12, 1.951
13, 1.958
14, 2.413
15, 2.420
16, 2.833
17, 2.909
18, 3.336
19, 3.448
20, 3.756
21, 3.854
22, 4.190
22, 4.197
21, 4.491
20, 4.498
19, 4.498
18, 4.491
17, 4.449
16, 4.393
15, 4.351
14, 4.351
13, 4.092
12, 4.064
11, 3.581
10, 3.525
9, 3.022
8, 2.861
7, 2.511
6, 2.406
5, 2.091
4, 1.909
3, 1.574
2, 1.560
1, 1.070
0, 1.028
-1, 0.581
-2, 0.469
-3, 0.168
-4, 0.077
-5, -0.252
-6, -0.363
-7, -0.748
-8, -0.797
-9, -1.266
-10, -1.280
-11, -1.664
-12, -1.720
-13, -2.021
-14, -2.098
-15, -2.483
-16, -2.644
-17, -2.958
-18, -2.965
-19, -3.357
-20, -3.385
-21, -3.777
-22, -3.875
-22, -4.190
-21, -4.351
-20, -4.491
-19, -4.491
-18, -4.456
-17, -4.456
-16, -4.218
-15, -4.162
-14, -3.791
-13, -3.763
-12, -3.252
-11, -3.098
-10, -2.777
-9, -2.777
-8, -2.455
-7, -2.455
-6, -2.007
-5, -1.993
-4, -1.601
-3, -1.574
-2, -1.077
-1, -0.937
0, -0.504
0, -0.406
1, -0.133
2, -0.112
3, 0.042
4, 0.063
5, 0.468
6, 0.475
7, 0.993
8, 1.126
9, 1.378
10, 1.539
11, 1.881
12, 1.881
13, 2.287
14, 2.287
15, 2.658
16, 2.728
17, 3.246
18, 3.323
19, 3.651
20, 3.798
21, 4.022
22, 4.022
22, 4.393
21, 4.407
20, 4.624
19, 4.617
18, 4.603
17, 4.603
16, 4.512
15, 4.547
14, 4.379
13, 4.372
12, 3.826
11, 3.777
10, 3.393
9, 3.309
8, 2.791
7, 2.672
6, 2.329
5, 2.329
4, 1.917
3, 1.910
2, 1.350
1, 1.329
0, 0.896
-1, 0.791
-2, 0.469
-3, 0.385
-4, -0.013
-5, -0.132
-6, -0.342
-7, -0.363
-8, -1.041
-9, -1.041
-10, -1.454
-11, -1.496
-12, -1.853
-13, -1.923
-14, -2.230
-15, -2.433
-16, -2.720
-17, -2.720
-18, -3.182
-19, -3.196
-20, -3.616
-21, -3.686
-22, -4.028
-22, -4.148
-21, -4.532
-20, -4.532
-19, -4.511
-18, -4.511
-17, -4.490
-16, -4.420
-15, -4.042
-14, -4.015
-13, -3.539
-12, -3.455
-11, -3.091
-10, -2.916
-9, -2.643
-8, -2.643
-7, -2.189
-6, -2.189
-5, -1.909
-4, -1.818
-3, -1.482
-2, -1.364
-1, -0.825
0, -0.650
0, -0.406
1, -0.406
2, -0.203
3, -0.189
4, 0.231
5, 0.245
6, 0.587
7, 0.720
8, 1.133
9, 1.245
10, 1.581
11, 1.721
12, 2.028
13, 2.028
14, 2.462
15, 2.483
16, 2.833
17, 2.987
18, 3.414
19, 3.589
20, 3.812
21, 3.812
22, 4.239
22, 4.246
21, 4.589
20, 4.596
19, 4.596
18, 4.589
17, 4.561
16, 4.498
15, 4.414
14, 4.421
13, 4.176
12, 4.169
11, 3.616
10, 3.547
9, 3.064
8, 2.910
7, 2.581
6, 2.476
5, 2.098
4, 2.091
3, 1.588
2, 1.504
1, 1.133
0, 1.063
-1, 0.602
-2, 0.511
-3, 0.217
-4, 0.084
-5, -0.238
-6, -0.238
-7, -0.734
-8, -0.790
-9, -1.252
-10, -1.287
-11, -1.671
-12, -1.762
-13, -2.014
-14, -2.126
-15, -2.525
-16, -2.672
-17, -3.028
-18, -3.042
-19, -3.385
-20, -3.462
-21, -3.847
-22, -3.959
-22, -4.281
-21, -4.449
-20, -4.582
-19, -4.582
-18, -4.554
-17, -4.554
-16, -4.309
-15, -4.246
-14, -3.875
-13, -3.791
-12, -3.385
-11, -3.210
-10, -2.909
-9, -2.756
-8, -2.595
-7, -2.595
-6, -2.133
-5, -2.126
-4, -1.728
-3, -1.651
-2, -1.245
-1, -1.049
0, -0.630
0, -0.539
1, -0.245
2, -0.245
3, -0.084
4, -0.049
5, 0.328
6, 0.349
7, 0.867
8, 1.000
9, 1.308
10, 1.433
11, 1.706
12, 1.713
13, 2.168
14, 2.182
15, 2.574
16, 2.721
17, 3.203
18, 3.302
19, 3.595
20, 3.595
21, 3.980
22, 3.987
22, 4.386
21, 4.414
20, 4.568
19, 4.568
18, 4.568
17, 4.568
16, 4.484
15, 4.498
14, 4.372
13, 4.365
12, 3.903
11, 3.777
10, 3.371
9, 3.322
8, 2.777
7, 2.686
6, 2.364
5, 2.224
4, 1.930
3, 1.930
2, 1.350
1, 1.343
0, 0.944
-1, 0.916
-2, 0.497
-3, 0.385
-4, 0.035
-5, -0.077
-6, -0.301
-7, -0.301
-8, -0.958
-9, -0.986
-10, -1.413
-11, -1.434
-12, -1.811
-13, -1.881
-14, -2.189
-15, -2.378
-16, -2.665
-17, -2.672
-18, -3.140
-19, -3.147
-20, -3.560
-21, -3.602
-22, -3.966
-22, -4.057
-21, -4.484
-20, -4.484
-19, -4.477
-18, -4.477
-17, -4.456
-16, -4.428
-15, -3.973
-14, -3.903
-13, -3.497
-12, -3.378
-11, -3.035
-10, -2.874
-9, -2.595
-8, -2.595
-7, -2.140
-6, -2.140
-5, -1.832
-4, -1.777
-3, -1.420
-2, -1.329
-1, -0.748
0, -0.588
0, -0.385
1, -0.385
2, -0.133
3, -0.126
4, 0.231
5, 0.300
6, 0.629
7, 0.671
8, 1.189
9, 1.287
10, 1.594
11, 1.594
12, 2.042
13, 2.056
14, 2.448
15, 2.504
16, 2.833
17, 3.008
18, 3.427
19, 3.532
20, 3.791
21, 3.791
22, 4.232
22, 4.232
21, 4.540
20, 4.568
19, 4.568
18, 4.561
17, 4.526
16, 4.456
15, 4.407
14, 4.414
13, 4.120
12, 4.106
11, 3.595
10, 3.539
9, 3.099
8, 2.959
7, 2.567
6, 2.455
5, 2.147
4, 2.140
3, 1.623
2, 1.609
1, 1.147
0, 1.084
-1, 0.595
-2, 0.546
-3, 0.217
-4, 0.091
-5, -0.216
-6, -0.349
-7, -0.720
-8, -0.762
-9, -1.245
-10, -1.273
-11, -1.657
-12, -1.720
-13, -2.000
-14, -2.133
-15, -2.490
-16, -2.497
-17, -2.972
-18, -3.000
-19, -3.371
-20, -3.469
-21, -3.819
-22, -3.875
-22, -4.253
-21, -4.441
-20, -4.554
-19, -4.554
-18, -4.519
-17, -4.519
-16, -4.252
-15, -4.169
-14, -3.840
-13, -3.784
-12, -3.315
-11, -3.168
-10, -2.853
-9, -2.853
-8, -2.539
-7, -2.532
-6, -2.084
-5, -2.070
-4, -1.706
-3, -1.601
-2, -1.161
-1, -1.035
0, -0.580
0, -0.483
1, -0.245
2, -0.238
3, 0.014
4, 0.014
5, 0.385
6, 0.406
7, 0.916
8, 1.021
9, 1.322
10, 1.350
11, 1.812
12, 1.819
13, 2.175
14, 2.224
15, 2.637
16, 2.805
17, 3.239
18, 3.344
19, 3.637
20, 3.651
21, 4.008
22, 4.015
22, 4.400
21, 4.449
20, 4.617
19, 4.617
18, 4.610
17, 4.610
16, 4.519
15, 4.554
14, 4.407
13, 4.407
12, 3.903
11, 3.861
10, 3.400
9, 3.344
8, 2.784
7, 2.707
6, 2.392
5, 2.245
4, 1.959
3, 1.966
2, 1.371
1, 1.364
0, 0.986
-1, 0.952
-2, 0.546
-3, 0.497
-4, 0.070
-5, -0.028
-6, -0.272
-7, -0.454
-8, -0.958
-9, -0.958
-10, -1.391
-11, -1.398
-12, -1.790
-13, -1.853
-14, -2.182
-15, -2.385
-16, -2.671
-17, -2.671
-18, -3.133
-19, -3.147
-20, -3.553
-21, -3.574
-22, -3.966
-22, -4.022
-21, -4.469
-20, -4.476
-19, -4.469
-18, -4.469
-17, -4.448
-16, -4.400
-15, -3.980
-14, -3.917
-13, -3.497
-12, -3.406
-11, -3.035
-10, -2.853
-9, -2.594
-8, -2.594
-7, -2.126
-6, -2.105
-5, -1.839
-4, -1.797
-3, -1.448
-2, -1.364
-1, -0.811
0, -0.657
0, -0.385
1, -0.224
2, -0.147
3, -0.147
4, 0.266
5, 0.294
6, 0.608
7, 0.734
8, 1.161
9, 1.259
10, 1.574
11, 1.567
12, 2.028
13, 2.028
14, 2.420
15, 2.476
16, 2.917
17, 3.008
18, 3.441
19, 3.526
20, 3.812
21, 3.910
22, 4.246
22, 4.253
21, 4.603
20, 4.603
19, 4.610
18, 4.603
17, 4.568
16, 4.505
15, 4.449
14, 4.414
13, 4.197
12, 4.183
11, 3.602
10, 3.554
9, 3.134
8, 3.001
7, 2.588
6, 2.532
5, 2.168
4, 2.029
3, 1.644
2, 1.637
1, 1.105
0, 1.105
-1, 0.623
-2, 0.581
-3, 0.259
-4, 0.175
-5, -0.230
-6, -0.335
-7, -0.629
-8, -0.839
-9, -1.231
-10, -1.245
-11, -1.615
-12, -1.671
-13, -1.958
-14, -2.063
-15, -2.462
-16, -2.594
-17, -2.951
-18, -2.958
-19, -3.378
-20, -3.385
-21, -3.756
-22, -3.763
-22, -4.176
-21, -4.274
-20, -4.477
-19, -4.463
-18, -4.442
-17, -4.442
-16, -4.092
-15, -4.092
-14, -3.714
-13, -3.707
-12, -3.238
-11, -3.140
-10, -2.762
-9, -2.650
-8, -2.427
-7, -2.266
-6, -1.972
-5, -1.965
-4, -1.580
-3, -1.574
-2, -1.056
-1, -0.930
0, -0.462
0, -0.413
1, -0.070
2, -0.063
3, 0.133
4, 0.140
5, 0.496
6, 0.517
7, 1.028
8, 1.112
9, 1.447
10, 1.573
11, 1.909
12, 1.902
13, 2.308
14, 2.308
15, 2.707
16, 2.770
17, 3.288
18, 3.371
19, 3.658
20, 3.756
21, 4.085
22, 4.183
22, 4.477
21, 4.477
20, 4.659
19, 4.659
18, 4.645
17, 4.638
16, 4.554
15, 4.554
14, 4.435
13, 4.351
12, 3.903
11, 3.882
10, 3.413
9, 3.406
8, 2.854
7, 2.819
6, 2.420
5, 2.308
4, 1.987
3, 1.875
2, 1.427
1, 1.399
0, 0.944
-1, 0.937
-2, 0.567
-3, 0.532
-4, 0.112
-5, 0.056
-6, -0.258
-7, -0.391
-8, -0.944
-9, -0.951
-10, -1.363
-11, -1.370
-12, -1.783
-13, -1.825
-14, -2.161
-15, -2.286
-16, -2.650
-17, -2.811
-18, -3.112
-19, -3.140
-20, -3.567
-21, -3.581
-22, -3.980
-22, -4.008
-21, -4.477
-20, -4.498
-19, -4.498
-18, -4.491
-17, -4.490
-16, -4.323
-15, -3.959
-14, -3.959
-13, -3.546
-12, -3.532
-11, -3.084
-10, -3.035
-9, -2.629
-8, -2.574
-7, -2.196
-6, -2.056
-5, -1.853
-4, -1.804
-3, -1.490
-2, -1.462
-1, -0.881
0, -0.839
0, -0.427
1, -0.343
2, -0.175
3, -0.042
4, 0.224
5, 0.224
6, 0.636
7, 0.678
8, 1.140
9, 1.189
10, 1.588
11, 1.657
12, 2.035
13, 2.147
14, 2.483
15, 2.483
16, 2.945
17, 2.959
18, 3.427
19, 3.477
20, 3.847
21, 3.896
22, 4.288
22, 4.379
21, 4.631
20, 4.631
19, 4.631
18, 4.631
17, 4.624
16, 4.603
15, 4.477
14, 4.463
13, 4.218
12, 4.148
11, 3.658
10, 3.483
9, 3.036
8, 3.001
7, 2.595
6, 2.574
5, 2.134
4, 2.085
3, 1.644
2, 1.476
1, 1.112
0, 0.972
-1, 0.602
-2, 0.595
-3, 0.217
-4, 0.203
-5, -0.223
-6, -0.293
-7, -0.650
-8, -0.853
-9, -1.258
-10, -1.258
-11, -1.713
-12, -1.720
-13, -1.986
-14, -2.035
-15, -2.483
-16, -2.615
-17, -2.972
-18, -3.105
-19, -3.434
-20, -3.581
-21, -3.826
-22, -3.833
-22, -4.323
-21, -4.358
-20, -4.554
-19, -4.540
-18, -4.526
-17, -4.519
-16, -4.218
-15, -4.190
-14, -3.840
-13, -3.840
-12, -3.336
-11, -3.280
-10, -2.847
-9, -2.798
-8, -2.518
-7, -2.399
-6, -2.056
-5, -1.930
-4, -1.616
-3, -1.616
-2, -1.098
-1, -1.070
0, -0.539
0, -0.511
1, -0.189
2, -0.161
3, 0.035
4, 0.028
5, 0.405
6, 0.405
7, 0.895
8, 0.972
9, 1.315
10, 1.398
11, 1.832
12, 1.909
13, 2.196
14, 2.196
15, 2.693
16, 2.721
17, 3.224
18, 3.329
19, 3.623
20, 3.714
21, 4.071
22, 4.190
22, 4.470
21, 4.484
20, 4.652
19, 4.652
18, 4.638
17, 4.631
16, 4.540
15, 4.547
14, 4.449
13, 4.393
12, 3.903
11, 3.882
10, 3.406
9, 3.399
8, 2.847
7, 2.798
6, 2.420
5, 2.350
4, 1.965
3, 1.860
2, 1.399
1, 1.245
0, 0.916
-1, 0.909
-2, 0.525
-3, 0.511
-4, 0.084
-5, 0.007
-6, -0.259
-7, -0.427
-8, -0.923
-9, -0.944
-10, -1.357
-11, -1.357
-12, -1.748
-13, -1.769
-14, -2.140
-15, -2.238
-16, -2.581
-17, -2.742
-18, -3.084
-19, -3.224
-20, -3.525
-21, -3.532
-22, -3.938
-22, -3.966
-21, -4.463
-20, -4.470
-19, -4.477
-18, -4.477
-17, -4.477
-16, -4.309
-15, -3.952
-14, -3.952
-13, -3.539
-12, -3.504
-11, -3.042
-10, -3.000
-9, -2.693
-8, -2.644
-7, -2.224
-6, -2.070
-5, -1.811
-4, -1.804
-3, -1.483
-2, -1.434
-1, -0.846
0, -0.727
0, -0.427
1, -0.294
2, -0.175
3, -0.049
4, 0.238
5, 0.266
6, 0.573
7, 0.608
8, 1.140
9, 1.168
10, 1.581
11, 1.657
12, 2.021
13, 2.133
14, 2.434
15, 2.462
16, 2.924
17, 2.973
18, 3.392
19, 3.434
20, 3.805
21, 3.854
22, 4.232
22, 4.358
21, 4.554
20, 4.561
19, 4.568
18, 4.568
17, 4.561
16, 4.554
15, 4.442
14, 4.428
13, 4.190
12, 4.085
11, 3.630
10, 3.582
9, 3.050
8, 3.015
7, 2.616
6, 2.595
5, 2.196
4, 2.161
3, 1.693
2, 1.511
1, 1.161
0, 1.161
-1, 0.700
-2, 0.665
-3, 0.315
-4, 0.245
-5, -0.105
-6, -0.223
-7, -0.608
-8, -0.811
-9, -1.175
-10, -1.175
-11, -1.643
-12, -1.650
-13, -1.916
-14, -1.986
-15, -2.413
-16, -2.490
-17, -2.895
-18, -3.021
-19, -3.287
-20, -3.322
-21, -3.735
-22, -3.735
-22, -4.148
-21, -4.232
-20, -4.456
-19, -4.449
-18, -4.442
-17, -4.435
-16, -4.113
-15, -4.113
-14, -3.735
-13, -3.735
-12, -3.301
-11, -3.224
-10, -2.791
-9, -2.700
-8, -2.483
-7, -2.385
-6, -2.035
-5, -2.035
-4, -1.595
-3, -1.602
-2, -1.154
-1, -1.035
0, -0.532
0, -0.490
1, -0.203
2, -0.203
3, 0.042
4, 0.049
5, 0.426
6, 0.433
7, 0.979
8, 0.993
9, 1.357
10, 1.468
11, 1.839
12, 1.965
13, 2.231
14, 2.238
15, 2.679
16, 2.714
17, 3.224
18, 3.315
19, 3.644
20, 3.707
21, 4.036
22, 4.148
22, 4.414
21, 4.421
20, 4.610
19, 4.610
18, 4.596
17, 4.589
16, 4.505
15, 4.519
14, 4.393
13, 4.323
12, 3.847
11, 3.833
10, 3.357
9, 3.350
8, 2.784
7, 2.721
6, 2.336
5, 2.252
4, 1.909
3, 1.784
2, 1.315
1, 1.315
0, 0.902
-1, 0.881
-2, 0.476
-3, 0.455
-4, 0.028
-5, -0.063
-6, -0.329
-7, -0.504
-8, -1.007
-9, -1.014
-10, -1.448
-11, -1.448
-12, -1.867
-13, -1.881
-14, -2.210
-15, -2.322
-16, -2.749
-17, -2.881
-18, -3.210
-19, -3.350
-20, -3.658
-21, -3.665
-22, -4.057
-22, -4.071
-21, -4.575
-20, -4.582
-19, -4.568
-18, -4.561
-17, -4.554
-16, -4.414
-15, -4.036
-14, -4.029
-13, -3.574
-12, -3.567
-11, -3.092
-10, -3.050
-9, -2.693
-8, -2.616
-7, -2.252
-6, -2.245
-5, -1.937
-4, -1.895
-3, -1.553
-2, -1.504
-1, -0.881
0, -0.777
0, -0.490
1, -0.336
2, -0.252
3, -0.252
4, 0.139
5, 0.146
6, 0.524
7, 0.608
8, 1.070
9, 1.112
10, 1.489
11, 1.580
12, 1.888
13, 2.028
14, 2.406
15, 2.406
16, 2.839
17, 2.881
18, 3.315
19, 3.364
20, 3.735
21, 3.805
22, 4.176
22, 4.281
21, 4.533
20, 4.533
19, 4.547
18, 4.540
17, 4.526
16, 4.505
15, 4.372
14, 4.365
13, 4.127
12, 4.008
11, 3.567
10, 3.399
9, 2.986
8, 2.923
7, 2.518
6, 2.511
5, 2.105
4, 2.042
3, 1.566
2, 1.364
1, 1.049
0, 1.056
-1, 0.552
-2, 0.552
-3, 0.238
-4, 0.182
-5, -0.259
-6, -0.287
-7, -0.686
-8, -0.853
-9, -1.294
-10, -1.434
-11, -1.721
-12, -1.721
-13, -2.084
-14, -2.098
-15, -2.539
-16, -2.630
-17, -3.029
-18, -3.141
-19, -3.448
-20, -3.602
-21, -3.875
-22, -3.875
-22, -4.330
-21, -4.337
-20, -4.582
-19, -4.575
-18, -4.554
-17, -4.554
-16, -4.253
-15, -4.141
-14, -3.889
-13, -3.882
-12, -3.323
-11, -3.288
-10, -2.896
-9, -2.875
-8, -2.553
-7, -2.476
-6, -2.085
-5, -2.001
-4, -1.714
-3, -1.714
-2, -1.168
-1, -1.126
0, -0.567
0, -0.567
1, -0.224
2, -0.203
3, -0.001
4, 0.097
5, 0.377
6, 0.377
7, 0.936
8, 0.943
9, 1.293
10, 1.384
11, 1.790
12, 1.867
13, 2.203
14, 2.321
15, 2.636
16, 2.643
17, 3.224
18, 3.245
19, 3.567
20, 3.644
21, 4.001
22, 4.099
22, 4.372
21, 4.483
20, 4.574
19, 4.581
18, 4.574
17, 4.574
16, 4.497
15, 4.490
14, 4.392
13, 4.371
12, 3.874
11, 3.735
10, 3.357
9, 3.357
8, 2.776
7, 2.748
6, 2.398
5, 2.315
4, 1.909
3, 1.797
2, 1.342
1, 1.182
0, 0.874
-1, 0.860
-2, 0.475
-3, 0.475
-4, 0.042
-5, -0.007
-6, -0.329
-7, -0.427
-8, -0.993
-9, -1.147
-10, -1.441
-11, -1.434
-12, -1.847
-13, -1.854
-14, -2.162
-15, -2.259
-16, -2.686
-17, -2.812
-18, -3.148
-19, -3.288
-20, -3.624
-21, -3.630
-22, -4.023
-22, -4.023
-21, -4.505
-20, -4.526
-19, -4.505
-18, -4.498
-17, -4.498
-16, -4.372
-15, -3.959
-14, -3.875
-13, -3.512
-12, -3.498
-11, -3.064
-10, -2.980
-9, -2.595
-8, -2.539
-7, -2.154
-6, -2.015
-5, -1.812
-4, -1.770
-3, -1.462
-2, -1.448
-1, -0.819
0, -0.735
0, -0.392
1, -0.274
2, -0.134
3, -0.008
4, 0.272
5, 0.307
6, 0.650
7, 0.685
8, 1.160
9, 1.230
10, 1.580
11, 1.713
12, 2.049
13, 2.175
14, 2.482
15, 2.643
16, 2.951
17, 3.000
18, 3.364
19, 3.427
20, 3.812
21, 3.882
22, 4.245
22, 4.372
21, 4.602
20, 4.595
19, 4.595
18, 4.588
17, 4.504
16, 4.497
15, 4.427
14, 4.406
13, 4.175
12, 4.014
11, 3.580
10, 3.377
9, 3.014
8, 2.944
7, 2.587
6, 2.496
5, 2.104
4, 1.929
3, 1.594
2, 1.377
1, 1.069
0, 0.873
-1, 0.517
-2, 0.510
-3, 0.202
-4, 0.097
-5, -0.288
-6, -0.399
-7, -0.700
-8, -0.980
-9, -1.308
-10, -1.330
-11, -1.777
-12, -1.798
-13, -2.057
-14, -2.155
-15, -2.560
-16, -2.721
-17, -3.036
-18, -3.204
-19, -3.470
-20, -3.498
-21, -3.904
-22, -3.946
-22, -4.303
-21, -4.450
-20, -4.624
-19, -4.610
-18, -4.596
-17, -4.596
-16, -4.296
-15, -4.121
-14, -3.939
-13, -3.932
-12, -3.449
-11, -3.288
-10, -2.931
-9, -2.798
-8, -2.609
-7, -2.428
-6, -2.162
-5, -2.155
-4, -1.770
-3, -1.693
-2, -1.379
-1, -1.120
0, -0.651
0, -0.589
1, -0.267
2, -0.267
3, -0.099
4, -0.078
5, 0.307
6, 0.335
7, 0.831
8, 0.950
9, 1.258
10, 1.426
11, 1.719
12, 1.908
13, 2.139
14, 2.146
15, 2.545
16, 2.650
17, 3.126
18, 3.252
19, 3.539
20, 3.650
21, 3.951
22, 4.105
22, 4.322
21, 4.350
20, 4.490
19, 4.490
18, 4.476
17, 4.469
16, 4.399
15, 4.399
14, 4.315
13, 4.196
12, 3.790
11, 3.741
10, 3.329
9, 3.252
8, 2.734
7, 2.622
6, 2.286
5, 2.119
4, 1.846
3, 1.657
2, 1.293
1, 1.279
0, 0.839
-1, 0.776
-2, 0.426
-3, 0.349
-4, 0.006
-5, -0.140
-6, -0.406
-7, -0.602
-8, -1.099
-9, -1.113
-10, -1.532
-11, -1.560
-12, -1.917
-13, -1.987
-14, -2.323
-15, -2.526
-16, -2.777
-17, -2.987
-18, -3.232
-19, -3.281
-20, -3.687
-21, -3.722
-22, -4.086
-22, -4.212
-21, -4.603
-20, -4.610
-19, -4.603
-18, -4.582
-17, -4.589
-16, -4.526
-15, -4.058
-14, -4.036
-13, -3.673
-12, -3.519
-11, -3.169
-10, -2.973
-9, -2.714
-8, -2.728
-7, -2.267
-6, -2.253
-5, -1.987
-4, -1.917
-3, -1.581
-2, -1.428
-1, -0.882
0, -0.700
0, -0.498
1, -0.470
2, -0.267
3, -0.253
4, 0.111
5, 0.230
6, 0.509
7, 0.726
8, 1.041
9, 1.188
10, 1.468
11, 1.642
12, 1.936
13, 1.950
14, 2.314
15, 2.447
16, 2.804
17, 2.965
18, 3.329
19, 3.454
20, 3.727
21, 3.734
22, 4.217
22, 4.245
21, 4.504
20, 4.539
19, 4.539
18, 4.539
17, 4.546
16, 4.469
15, 4.420
14, 4.420
13, 4.231
12, 4.147
11, 3.657
10, 3.531
9, 3.098
8, 2.902
7, 2.608
6, 2.461
5, 2.188
4, 2.146
3, 1.727
2, 1.517
1, 1.167
0, 1.041
-1, 0.657
-2, 0.545
-3, 0.300
-4, 0.265
-5, -0.162
-6, -0.190
-7, -0.539
-8, -0.728
-9, -1.190
-10, -1.309
-11, -1.595
-12, -1.735
-13, -1.959
-14, -2.113
-15, -2.400
-16, -2.498
-17, -2.854
-18, -2.959
-19, -3.309
-20, -3.414
-21, -3.757
-22, -3.925
-22, -4.198
-21, -4.394
-20, -4.456
-19, -4.442
-18, -4.442
-17, -4.428
-16, -4.198
-15, -4.016
-14, -3.743
-13, -3.617
-12, -3.218
-11, -3.197
-10, -2.770
-9, -2.749
-8, -2.449
-7, -2.379
-6, -2.008
-5, -1.903
-4, -1.623
-3, -1.477
-2, -1.127
-1, -1.113
0, -0.518
0, -0.519
1, -0.225
2, -0.211
3, 0.013
4, 0.118
5, 0.405
6, 0.516
7, 0.936
8, 1.111
9, 1.307
10, 1.314
11, 1.768
12, 1.831
13, 2.195
14, 2.342
15, 2.601
16, 2.727
17, 3.216
18, 3.252
19, 3.559
20, 3.615
21, 3.937
22, 4.021
22, 4.350
21, 4.434
20, 4.532
19, 4.525
18, 4.532
17, 4.525
16, 4.434
15, 4.427
14, 4.336
13, 4.273
12, 3.818
11, 3.622
10, 3.294
9, 3.070
8, 2.713
7, 2.706
6, 2.286
5, 2.265
4, 1.866
3, 1.685
2, 1.293
1, 1.125
0, 0.824
-1, 0.650
-2, 0.454
-3, 0.433
-4, 0.048
-5, -0.050
-6, -0.343
-7, -0.455
-8, -1.022
-9, -1.197
-10, -1.441
-11, -1.574
-12, -1.840
-13, -1.861
-14, -2.176
-15, -2.337
-16, -2.728
-17, -2.840
-18, -3.162
-19, -3.309
-20, -3.582
-21, -3.764
-22, -4.044
-22, -4.058
-21, -4.464
-20, -4.499
-19, -4.485
-18, -4.471
-17, -4.471
-16, -4.359
-15, -3.988
-14, -3.834
-13, -3.519
-12, -3.505
-11, -3.057
-10, -3.001
-9, -2.659
-8, -2.561
-7, -2.218
-6, -2.029
-5, -1.840
-4, -1.665
-3, -1.463
-2, -1.400
-1, -0.826
0, -0.812
0, -0.379
1, -0.302
2, -0.176
3, -0.008
4, 0.265
5, 0.411
6, 0.642
7, 0.670
8, 1.216
9, 1.223
10, 1.593
11, 1.677
12, 2.020
13, 2.139
14, 2.475
15, 2.622
16, 2.916
17, 3.160
18, 3.412
19, 3.440
20, 3.818
21, 3.881
22, 4.273
22, 4.364
21, 4.581
20, 4.588
19, 4.588
18, 4.588
17, 4.574
16, 4.560
15, 4.448
14, 4.448
13, 4.210
12, 4.028
11, 3.636
10, 3.433
9, 3.056
8, 3.028
7, 2.629
6, 2.594
5, 2.195
4, 2.020
3, 1.629
2, 1.440
1, 1.146
0, 0.971
-1, 0.636
-2, 0.629
-3, 0.251
-4, 0.216
-5, -0.169
-6, -0.287
-7, -0.602
-8, -0.854
-9, -1.197
-10, -1.357
-11, -1.658
-12, -1.679
-13, -1.959
-14, -2.022
-15, -2.477
-16, -2.616
-17, -2.966
-18, -3.064
-19, -3.386
-20, -3.568
-21, -3.792
-22, -3.792
-22, -4.317
-21, -4.359
-20, -4.520
-19, -4.506
-18, -4.513
-17, -4.492
-16, -4.212
-15, -4.030
-14, -3.827
-13, -3.820
-12, -3.358
-11, -3.232
-10, -2.868
-9, -2.792
-8, -2.505
-7, -2.386
-6, -2.057
-5, -1.924
-4, -1.645
-3, -1.617
-2, -1.218
-1, -1.085
0, -0.589
0, -0.498
1, -0.211
2, -0.211
3, 0.013
4, 0.195
5, 0.411
6, 0.411
7, 0.985
8, 1.013
9, 1.335
10, 1.481
11, 1.796
12, 1.929
13, 2.209
14, 2.384
15, 2.643
16, 2.650
17, 3.266
18, 3.329
19, 3.608
20, 3.685
21, 4.056
22, 4.147
22, 4.434
21, 4.574
20, 4.623
19, 4.623
18, 4.609
17, 4.609
16, 4.546
15, 4.560
14, 4.406
13, 4.315
12, 3.888
11, 3.755
10, 3.412
9, 3.377
8, 2.881
7, 2.804
6, 2.433
5, 2.314
4, 1.957
3, 1.755
2, 1.370
1, 1.195
0, 0.908
-1, 0.894
-2, 0.524
-3, 0.461
-4, 0.069
-5, -0.043
-6, -0.308
-7, -0.483
-8, -1.001
-9, -1.197
-10, -1.420
-11, -1.434
-12, -1.861
-13, -1.896
-14, -2.211
-15, -2.421
-16, -2.714
-17, -2.903
-18, -3.197
-19, -3.358
-20, -3.652
-21, -3.687
-22, -4.107
-22, -4.170
-21, -4.555
-20, -4.569
-19, -4.562
-18, -4.555
-17, -4.548
-16, -4.401
-15, -4.065
-14, -4.051
-13, -3.673
-12, -3.519
-11, -3.141
-10, -3.043
-9, -2.707
-8, -2.589
-7, -2.288
-6, -2.099
-5, -1.889
-4, -1.819
-3, -1.533
-2, -1.400
-1, -0.917
0, -0.784
0, -0.463
1, -0.302
2, -0.204
3, -0.064
4, 0.209
5, 0.223
6, 0.523
7, 0.642
8, 1.090
9, 1.202
10, 1.551
11, 1.684
12, 1.978
13, 2.146
14, 2.426
15, 2.468
16, 2.832
17, 2.993
18, 3.349
19, 3.475
20, 3.797
21, 3.804
22, 4.224
22, 4.322
21, 4.588
20, 4.602
19, 4.595
18, 4.588
17, 4.567
16, 4.518
15, 4.447
14, 4.433
13, 4.259
12, 4.140
11, 3.629
10, 3.461
9, 3.069
8, 2.866
7, 2.559
6, 2.412
5, 2.097
4, 2.083
3, 1.608
2, 1.447
1, 1.118
0, 1.020
-1, 0.600
-2, 0.468
-3, 0.216
-4, 0.048
-5, -0.246
-6, -0.253
-7, -0.742
-8, -0.819
-9, -1.274
-10, -1.365
-11, -1.728
-12, -1.854
-13, -2.099
-14, -2.211
-15, -2.575
-16, -2.736
-17, -3.071
-18, -3.078
-19, -3.449
-20, -3.554
-21, -3.904
-22, -4.037
-22, -4.338
-21, -4.569
-20, -4.646
-19, -4.646
-18, -4.618
-17, -4.618
-16, -4.359
-15, -4.219
-14, -3.946
-13, -3.827
-12, -3.407
-11, -3.253
-10, -2.952
-9, -2.945
-8, -2.631
-7, -2.603
-6, -2.162
-5, -2.092
-4, -1.757
-3, -1.652
-2, -1.225
-1, -1.022
0, -0.680
0, -0.659
1, -0.316
2, -0.274
3, -0.092
4, 0.027
5, 0.278
6, 0.432
7, 0.859
8, 0.859
9, 1.251
10, 1.251
11, 1.670
12, 1.782
13, 2.118
14, 2.251
15, 2.573
16, 2.741
17, 3.174
18, 3.188
19, 3.503
20, 3.587
21, 3.937
22, 4.042
22, 4.336
21, 4.476
20, 4.539
19, 4.539
18, 4.539
17, 4.539
16, 4.469
15, 4.497
14, 4.364
13, 4.336
12, 3.839
11, 3.664
10, 3.328
9, 3.167
8, 2.727
7, 2.720
6, 2.377
5, 2.279
4, 1.908
3, 1.797
2, 1.363
1, 1.195
0, 0.894
-1, 0.705
-2, 0.475
-3, 0.461
-4, 0.013
-5, -0.008
-6, -0.309
-7, -0.469
-8, -0.966
-9, -1.134
-10, -1.428
-11, -1.560
-12, -1.833
-13, -1.840
-14, -2.211
-15, -2.288
-16, -2.680
-17, -2.805
-18, -3.113
-19, -3.267
-20, -3.589
-21, -3.757
-22, -3.995
-22, -4.009
-21, -4.485
-20, -4.513
-19, -4.499
-18, -4.492
-17, -4.499
-16, -4.338
-15, -3.960
-14, -3.848
-13, -3.519
-12, -3.512
-11, -3.106
-10, -3.008
-9, -2.659
-8, -2.617
-7, -2.232
-6, -2.092
-5, -1.882
-4, -1.708
-3, -1.498
-2, -1.491
-1, -0.847
0, -0.777
0, -0.421
1, -0.337
2, -0.190
3, -0.092
4, 0.223
5, 0.370
6, 0.586
7, 0.824
8, 1.146
9, 1.153
10, 1.559
11, 1.621
12, 1.992
13, 2.076
14, 2.433
15, 2.608
16, 2.930
17, 2.993
18, 3.426
19, 3.440
20, 3.762
21, 3.846
22, 4.182
22, 4.315
21, 4.581
20, 4.581
19, 4.574
18, 4.574
17, 4.532
16, 4.518
15, 4.434
14, 4.399
13, 4.189
12, 4.042
11, 3.601
10, 3.405
9, 3.021
8, 2.944
7, 2.545
6, 2.524
5, 2.125
4, 2.027
3, 1.636
2, 1.419
1, 1.090
0, 0.950
-1, 0.608
-2, 0.461
-3, 0.244
-4, 0.202
-5, -0.183
-6, -0.273
-7, -0.581
-8, -0.819
-9, -1.267
-10, -1.399
-11, -1.686
-12, -1.854
-13, -2.057
-14, -2.057
-15, -2.498
-16, -2.623
-17, -2.994
-18, -3.120
-19, -3.400
-20, -3.610
-21, -3.848
-22, -3.855
-22, -4.310
-21, -4.394
-20, -4.562
-19, -4.548
-18, -4.534
-17, -4.534
-16, -4.191
-15, -4.058
-14, -3.862
-13, -3.848
-12, -3.323
-11, -3.211
-10, -2.889
-9, -2.834
-8, -2.547
-7, -2.470
-6, -2.099
-5, -1.980
-4, -1.659
-3, -1.526
-2, -1.162
-1, -1.092
0, -0.575
0, -0.512
1, -0.225
2, -0.190
3, 0.020
4, 0.167
5, 0.390
6, 0.397
7, 0.957
8, 0.971
9, 1.314
10, 1.432
11, 1.782
12, 1.908
13, 2.209
14, 2.412
15, 2.657
16, 2.671
17, 3.167
18, 3.265
19, 3.580
20, 3.678
21, 3.979
22, 4.133
22, 4.357
21, 4.504
20, 4.567
19, 4.567
18, 4.553
17, 4.553
16, 4.469
15, 4.469
14, 4.371
13, 4.308
12, 3.853
11, 3.692
10, 3.335
9, 3.335
8, 2.790
7, 2.678
6, 2.363
5, 2.223
4, 1.908
3, 1.748
2, 1.356
1, 1.167
0, 0.887
-1, 0.845
-2, 0.482
-3, 0.440
-4, 0.069
-5, -0.071
-6, -0.323
-7, -0.497
-8, -1.001
-9, -1.204
-10, -1.427
-11, -1.449
-12, -1.819
-13, -1.910
-14, -2.183
-15, -2.393
-16, -2.701
-17, -2.889
-18, -3.176
-19, -3.190
-20, -3.617
-21, -3.659
-22, -3.981
-22, -4.107
-21, -4.492
-20, -4.513
-19, -4.506
-18, -4.506
-17, -4.499
-16, -4.275
-15, -3.953
-14, -3.953
-13, -3.589
-12, -3.463
-11, -3.057
-10, -2.917
-9, -2.624
-8, -2.512
-7, -2.169
-6, -2.155
-5, -1.833
-4, -1.771
-3, -1.463
-2, -1.372
-1, -0.833
0, -0.638
0, -0.393
1, -0.218
2, -0.141
3, -0.141
4, 0.271
5, 0.299
6, 0.593
7, 0.670
8, 1.160
9, 1.243
10, 1.586
11, 1.754
12, 2.048
13, 2.055
14, 2.440
15, 2.496
16, 2.901
17, 3.055
18, 3.412
19, 3.545
20, 3.811
21, 3.972
22, 4.273
22, 4.301
21, 4.609
20, 4.623
19, 4.622
18, 4.629
17, 4.601
16, 4.539
15, 4.461
14, 4.433
13, 4.216
12, 3.993
11, 3.629
10, 3.566
9, 3.174
8, 2.992
7, 2.622
6, 2.517
5, 2.153
4, 1.985
3, 1.670
2, 1.649
1, 1.160
0, 1.146
-1, 0.747
-2, 0.600
-3, 0.328
-4, 0.188
-5, -0.169
-6, -0.288
-7, -0.610
-8, -0.868
-9, -1.190
-10, -1.204
-11, -1.575
-12, -1.659
-13, -1.931
-14, -2.050
-15, -2.442
-16, -2.603
-17, -2.945
-18, -3.071
-19, -3.372
-20, -3.400
-21, -3.771
-22, -3.848
-22, -4.191
-21, -4.366
-20, -4.499
-19, -4.492
-18, -4.471
-17, -4.471
-16, -4.142
-15, -4.135
-14, -3.806
-13, -3.722
-12, -3.302
-11, -3.155
-10, -2.806
-9, -2.645
-8, -2.491
-7, -2.337
-6, -2.050
-5, -2.043
-4, -1.637
-3, -1.603
-2, -1.176
-1, -0.987
0, -0.568
0, -0.442
1, -0.169
2, -0.176
3, 0.020
4, 0.027
5, 0.397
6, 0.418
7, 0.908
8, 1.062
9, 1.307
10, 1.516
11, 1.824
12, 2.006
13, 2.230
14, 2.237
15, 2.615
16, 2.727
17, 3.202
18, 3.314
19, 3.629
20, 3.727
21, 4.007
22, 4.189
22, 4.413
21, 4.441
20, 4.588
19, 4.588
18, 4.588
17, 4.581
16, 4.490
15, 4.546
14, 4.392
13, 4.294
12, 3.860
11, 3.776
10, 3.391
9, 3.300
8, 2.804
7, 2.678
6, 2.356
5, 2.188
4, 1.936
3, 1.748
2, 1.328
1, 1.307
0, 0.936
-1, 0.824
-2, 0.503
-3, 0.377
-4, 0.027
-5, -0.092
-6, -0.316
-7, -0.525
-8, -1.015
-9, -1.015
-10, -1.393
-11, -1.477
-12, -1.826
-13, -1.924
-14, -2.225
-15, -2.456
-16, -2.694
-17, -2.715
-18, -3.176
-19, -3.197
-20, -3.603
-21, -3.694
-22, -4.009
-22, -4.156
-21, -4.513
-20, -4.520
-19, -4.506
-18, -4.506
-17, -4.499
-16, -4.415
-15, -4.002
-14, -3.946
-13, -3.512
-12, -3.414
-11, -3.085
-10, -2.855
-9, -2.610
-8, -2.610
-7, -2.155
-6, -2.141
-5, -1.868
-4, -1.785
-3, -1.470
-2, -1.309
-1, -0.812
0, -0.603
0, -0.393
1, -0.204
2, -0.162
3, -0.148
4, 0.230
5, 0.334
6, 0.628
7, 0.901
8, 1.139
9, 1.307
10, 1.572
11, 1.565
12, 2.013
13, 2.062
14, 2.419
15, 2.510
16, 2.887
17, 3.083
18, 3.398
19, 3.524
20, 3.776
21, 3.783
22, 4.259
22, 4.308
21, 4.532
20, 4.560
19, 4.560
18, 4.560
17, 4.546
16, 4.455
15, 4.392
14, 4.406
13, 4.147
12, 4.105
11, 3.629
10, 3.517
9, 3.084
8, 2.867
7, 2.566
6, 2.440
5, 2.104
4, 1.922
3, 1.629
2, 1.566
1, 1.153
0, 1.055
-1, 0.635
-2, 0.524
-3, 0.272
-4, 0.097
-5, -0.197
-6, -0.316
-7, -0.637
-8, -0.756
-9, -1.190
-10, -1.281
-11, -1.588
-12, -1.742
-13, -1.973
-14, -2.085
-15, -2.484
-16, -2.652
-17, -2.945
-18, -2.952
-19, -3.309
-20, -3.435
-21, -3.778
-22, -3.911
-22, -4.212
-21, -4.401
-20, -4.513
-19, -4.499
-18, -4.485
-17, -4.478
-16, -4.212
-15, -4.079
-14, -3.806
-13, -3.701
-12, -3.281
-11, -3.141
-10, -2.806
-9, -2.624
-8, -2.470
-7, -2.470
-6, -2.001
-5, -1.945
-4, -1.596
-3, -1.554
-2, -1.169
-1, -0.973
0, -0.526
0, -0.393
1, -0.134
2, -0.134
3, 0.076
4, 0.097
5, 0.439
6, 0.523
7, 1.013
8, 1.118
9, 1.383
10, 1.544
11, 1.838
12, 1.866
13, 2.300
14, 2.307
15, 2.671
16, 2.825
17, 3.314
18, 3.391
19, 3.657
20, 3.797
21, 4.098
22, 4.168
22, 4.504
21, 4.539
20, 4.700
19, 4.700
18, 4.693
17, 4.693
16, 4.602
15, 4.644
14, 4.483
13, 4.378
12, 3.965
11, 3.937
10, 3.482
9, 3.398
8, 2.895
7, 2.755
6, 2.461
5, 2.293
4, 2.021
3, 2.020
2, 1.433
1, 1.391
0, 1.048
-1, 0.916
-2, 0.580
-3, 0.475
-4, 0.118
-5, -0.036
-6, -0.210
-7, -0.315
-8, -0.833
-9, -0.994
-10, -1.308
-11, -1.392
-12, -1.721
-13, -1.819
-14, -2.134
-15, -2.350
-16, -2.588
-17, -2.609
-18, -3.029
-19, -3.113
-20, -3.505
-21, -3.603
-22, -3.925
-22, -4.078
-21, -4.442
-20, -4.456
-19, -4.442
-18, -4.442
-17, -4.435
-16, -4.344
-15, -3.959
-14, -3.882
-13, -3.512
-12, -3.344
-11, -3.036
-10, -2.833
-9, -2.602
-8, -2.609
-7, -2.148
-6, -2.127
-5, -1.854
-4, -1.749
-3, -1.469
-2, -1.350
-1, -0.791
0, -0.595
0, -0.420
1, -0.406
2, -0.162
3, -0.148
4, 0.230
5, 0.321
6, 0.622
7, 0.866
8, 1.174
9, 1.328
10, 1.601
11, 1.790
12, 2.049
13, 2.063
14, 2.475
15, 2.531
16, 2.902
17, 3.098
18, 3.441
19, 3.609
20, 3.840
21, 3.980
22, 4.301
22, 4.344
21, 4.616
20, 4.644
19, 4.644
18, 4.637
17, 4.616
16, 4.546
15, 4.490
14, 4.448
13, 4.231
12, 4.168
11, 3.686
10, 3.560
9, 3.147
8, 2.944
7, 2.636
6, 2.503
5, 2.175
4, 2.175
3, 1.692
2, 1.559
1, 1.223
0, 1.160
-1, 0.685
-2, 0.566
-3, 0.321
-4, 0.132
-5, -0.154
-6, -0.168
-7, -0.490
-8, -0.651
-9, -1.182
-10, -1.287
-11, -1.567
-12, -1.728
-13, -1.959
-14, -2.078
-15, -2.427
-16, -2.455
-17, -2.868
-18, -2.952
-19, -3.288
-20, -3.428
-21, -3.764
-22, -3.918
-22, -4.190
-21, -4.386
-20, -4.470
-19, -4.470
-18, -4.449
-17, -4.449
-16, -4.162
-15, -4.057
-14, -3.757
-13, -3.630
-12, -3.239
-11, -3.071
-10, -2.784
-9, -2.784
-8, -2.455
-7, -2.441
-6, -2.008
-5, -1.945
-4, -1.588
-3, -1.504
-2, -1.147
-1, -0.903
0, -0.532
0, -0.532
1, -0.140
2, -0.140
3, 0.042
4, 0.132
5, 0.419
6, 0.524
7, 0.972
8, 1.090
9, 1.349
10, 1.377
11, 1.825
12, 1.832
13, 2.189
14, 2.301
15, 2.643
16, 2.804
17, 3.266
18, 3.371
19, 3.637
20, 3.651
21, 4.015
22, 4.029
22, 4.379
21, 4.449
20, 4.519
19, 4.512
18, 4.498
17, 4.498
16, 4.400
15, 4.442
14, 4.309
13, 4.302
12, 3.847
11, 3.637
10, 3.280
9, 3.161
8, 2.700
7, 2.546
6, 2.252
5, 2.084
4, 1.832
3, 1.811
2, 1.301
1, 1.210
0, 0.811
-1, 0.615
-2, 0.392
-3, 0.210
-4, -0.091
-5, -0.098
-6, -0.427
-7, -0.552
-8, -1.070
-9, -1.210
-10, -1.525
-11, -1.664
-12, -1.951
-13, -2.070
-14, -2.322
-15, -2.371
-16, -2.819
-17, -2.840
-18, -3.210
-19, -3.301
-20, -3.693
-21, -3.784
-22, -4.092
-22, -4.239
-21, -4.596
-20, -4.596
-19, -4.575
-18, -4.568
-17, -4.561
-16, -4.484
-15, -4.050
-14, -3.980
-13, -3.602
-12, -3.420
-11, -3.134
-10, -2.910
-9, -2.686
-8, -2.672
-7, -2.308
-6, -2.168
-5, -1.923
-4, -1.805
-3, -1.525
-2, -1.329
-1, -0.853
0, -0.805
0, -0.420
1, -0.406
2, -0.217
3, -0.147
4, 0.195
5, 0.321
6, 0.566
7, 0.846
8, 1.118
9, 1.118
10, 1.545
11, 1.573
12, 1.965
13, 2.063
14, 2.427
15, 2.553
16, 2.895
17, 3.140
18, 3.434
19, 3.441
20, 3.805
21, 3.833
22, 4.106
22, 4.281
21, 4.666
20, 4.680
19, 4.687
18, 4.673
17, 4.603
16, 4.603
15, 4.470
14, 4.463
13, 4.295
12, 4.148
11, 3.616
10, 3.497
9, 3.098
8, 2.902
7, 2.595
6, 2.427
5, 2.140
4, 2.126
3, 1.721
2, 1.511
1, 1.147
0, 1.021
-1, 0.664
-2, 0.511
-3, 0.287
-4, 0.252
-5, -0.161
-6, -0.203
-7, -0.531
-8, -0.713
-9, -1.175
-10, -1.301
-11, -1.609
-12, -1.755
-13, -1.923
-14, -1.951
-15, -2.413
-16, -2.567
-17, -2.854
-18, -2.966
-19, -3.259
-20, -3.413
-21, -3.721
-22, -3.889
-22, -4.183
-21, -4.400
-20, -4.449
-19, -4.449
-18, -4.428
-17, -4.428
-16, -4.134
-15, -3.994
-14, -3.756
-13, -3.588
-12, -3.225
-11, -3.071
-10, -2.763
-9, -2.763
-8, -2.448
-7, -2.413
-6, -1.980
-5, -1.875
-4, -1.553
-3, -1.427
-2, -1.056
-1, -1.015
0, -0.490
0, -0.483
1, -0.119
2, -0.099
3, 0.111
4, 0.209
5, 0.475
6, 0.622
7, 1.048
8, 1.048
9, 1.447
10, 1.454
11, 1.853
12, 1.958
13, 2.293
14, 2.433
15, 2.727
16, 2.839
17, 3.329
18, 3.462
19, 3.721
20, 3.735
21, 4.050
22, 4.120
22, 4.469
21, 4.602
20, 4.644
19, 4.644
18, 4.637
17, 4.637
16, 4.553
15, 4.532
14, 4.406
13, 4.392
12, 4.008
11, 3.826
10, 3.434
9, 3.280
8, 2.874
7, 2.734
6, 2.427
5, 2.392
4, 2.049
3, 1.944
2, 1.433
1, 1.273
0, 0.986
-1, 0.832
-2, 0.545
-3, 0.377
-4, 0.133
-5, 0.091
-6, -0.259
-7, -0.364
-8, -0.902
-9, -1.056
-10, -1.357
-11, -1.455
-12, -1.756
-13, -1.882
-14, -2.126
-15, -2.175
-16, -2.644
-17, -2.721
-18, -3.043
-19, -3.141
-20, -3.511
-21, -3.616
-22, -3.938
-22, -4.092
-21, -4.435
-20, -4.442
-19, -4.428
-18, -4.421
-17, -4.421
-16, -4.365
-15, -3.917
-14, -3.833
-13, -3.448
-12, -3.316
-11, -3.001
-10, -2.784
-9, -2.539
-8, -2.539
-7, -2.112
-6, -2.015
-5, -1.770
-4, -1.602
-3, -1.378
-2, -1.176
-1, -0.707
0, -0.658
0, -0.259
1, -0.245
2, -0.050
3, 0.006
4, 0.363
5, 0.496
6, 0.720
7, 0.943
8, 1.265
9, 1.272
10, 1.699
11, 1.748
12, 2.119
13, 2.203
14, 2.580
15, 2.713
16, 3.007
17, 3.280
18, 3.553
19, 3.567
20, 3.938
21, 3.959
22, 4.372
22, 4.448
21, 4.680
20, 4.694
19, 4.708
18, 4.701
17, 4.687
16, 4.609
15, 4.567
14, 4.553
13, 4.336
12, 4.238
11, 3.728
10, 3.581
9, 3.154
8, 2.951
7, 2.664
6, 2.657
5, 2.203
4, 2.175
3, 1.762
2, 1.559
1, 1.224
0, 1.105
-1, 0.692
-2, 0.545
-3, 0.301
-4, 0.112
-5, -0.161
-6, -0.175
-7, -0.518
-8, -0.713
-9, -1.189
-10, -1.308
-11, -1.637
-12, -1.784
-13, -1.993
-14, -2.112
-15, -2.462
-16, -2.483
-17, -2.973
-18, -3.008
-19, -3.330
-20, -3.476
-21, -3.805
-22, -3.945
-22, -4.274
-21, -4.442
-20, -4.547
-19, -4.547
-18, -4.519
-17, -4.519
-16, -4.253
-15, -4.127
-14, -3.847
-13, -3.715
-12, -3.358
-11, -3.148
-10, -2.868
-9, -2.854
-8, -2.567
-7, -2.511
-6, -2.106
-5, -2.043
-4, -1.707
-3, -1.546
-2, -1.176
-1, -0.938
0, -0.616
0, -0.609
1, -0.253
2, -0.204
3, -0.008
4, 0.062
5, 0.370
6, 0.461
7, 0.929
8, 1.062
9, 1.328
10, 1.349
11, 1.790
12, 1.818
13, 2.160
14, 2.279
15, 2.629
16, 2.748
17, 3.203
18, 3.329
19, 3.595
20, 3.728
21, 3.994
22, 4.028
22, 4.372
21, 4.455
20, 4.547
19, 4.547
18, 4.539
17, 4.539
16, 4.441
15, 4.441
14, 4.287
13, 4.280
12, 3.903
11, 3.686
10, 3.329
9, 3.189
8, 2.755
7, 2.594
6, 2.322
5, 2.294
4, 1.909
3, 1.860
2, 1.349
1, 1.238
0, 0.895
-1, 0.741
-2, 0.461
-3, 0.293
-4, -0.007
-5, -0.014
-6, -0.350
-7, -0.455
-8, -0.951
-9, -1.098
-10, -1.448
-11, -1.546
-12, -1.840
-13, -1.952
-14, -2.217
-15, -2.259
-16, -2.728
-17, -2.756
-18, -3.141
-19, -3.232
-20, -3.623
-21, -3.757
-22, -4.036
-22, -4.183
-21, -4.540
-20, -4.554
-19, -4.540
-18, -4.540
-17, -4.533
-16, -4.477
-15, -4.043
-14, -3.931
-13, -3.568
-12, -3.414
-11, -3.078
-10, -3.071
-9, -2.679
-8, -2.658
-7, -2.210
-6, -2.099
-5, -1.903
-4, -1.714
-3, -1.532
-2, -1.336
-1, -0.840
0, -0.812
0, -0.427
1, -0.427
2, -0.224
3, -0.203
4, 0.181
5, 0.293
6, 0.531
7, 0.734
8, 1.090
9, 1.265
10, 1.496
11, 1.510
12, 1.923
13, 1.979
14, 2.419
15, 2.510
16, 2.853
17, 3.063
18, 3.350
19, 3.511
20, 3.742
21, 3.756
22, 4.239
22, 4.274
21, 4.547
20, 4.561
19, 4.568
18, 4.554
17, 4.540
16, 4.462
15, 4.400
14, 4.393
13, 4.148
12, 4.099
11, 3.623
10, 3.476
9, 3.056
8, 2.839
7, 2.560
6, 2.413
5, 2.084
4, 2.021
3, 1.636
2, 1.517
1, 1.154
0, 1.035
-1, 0.664
-2, 0.517
-3, 0.266
-4, 0.098
-5, -0.189
-6, -0.196
-7, -0.658
-8, -0.755
-9, -1.189
-10, -1.301
-11, -1.609
-12, -1.742
-13, -1.958
-14, -2.112
-15, -2.427
-16, -2.469
-17, -2.945
-18, -2.966
-19, -3.302
-20, -3.462
-21, -3.777
-22, -3.882
-22, -4.204
-21, -4.400
-20, -4.491
-19, -4.491
-18, -4.456
-17, -4.456
-16, -4.162
-15, -4.071
-14, -3.728
-13, -3.729
-12, -3.260
-11, -3.169
-10, -2.826
-9, -2.763
-8, -2.511
-7, -2.392
-6, -2.057
-5, -1.924
-4, -1.637
-3, -1.623
-2, -1.099
-1, -1.078
0, -0.539
0, -0.518
1, -0.197
2, -0.176
3, 0.006
4, 0.195
5, 0.405
6, 0.412
7, 0.930
8, 0.985
9, 1.328
10, 1.433
11, 1.783
12, 1.930
13, 2.244
14, 2.447
15, 2.678
16, 2.706
17, 3.280
18, 3.294
19, 3.602
20, 3.672
21, 4.014
22, 4.148
22, 4.434
21, 4.561
20, 4.609
19, 4.609
18, 4.595
17, 4.595
16, 4.504
15, 4.504
14, 4.392
13, 4.336
12, 3.854
11, 3.679
10, 3.350
9, 3.343
8, 2.783
7, 2.734
6, 2.364
5, 2.273
4, 1.937
3, 1.762
2, 1.391
1, 1.196
0, 0.923
-1, 0.881
-2, 0.496
-3, 0.419
-4, 0.098
-5, -0.056
-6, -0.329
-7, -0.490
-8, -1.000
-9, -1.203
-10, -1.413
-11, -1.427
-12, -1.798
-13, -1.875
-14, -2.168
-15, -2.357
-16, -2.665
-17, -2.840
-18, -3.099
-19, -3.281
-20, -3.575
-21, -3.603
-22, -3.924
-22, -3.994
-21, -4.442
-20, -4.463
-19, -4.435
-18, -4.428
-17, -4.421
-16, -4.358
-15, -3.917
-14, -3.854
-13, -3.470
-12, -3.344
-11, -2.994
-10, -2.819
-9, -2.525
-8, -2.420
-7, -2.057
-6, -2.029
-5, -1.784
-4, -1.721
-3, -1.357
-2, -1.196
-1, -0.679
0, -0.497
0, -0.280
1, -0.106
2, -0.064
3, -0.064
4, 0.363
5, 0.391
6, 0.713
7, 0.915
8, 1.265
9, 1.398
10, 1.671
11, 1.846
12, 2.140
13, 2.140
14, 2.594
15, 2.608
16, 3.000
17, 3.154
18, 3.546
19, 3.651
20, 3.945
21, 4.085
22, 4.420
22, 4.505
21, 4.743
20, 4.750
19, 4.756
18, 4.756
17, 4.743
16, 4.665
15, 4.588
14, 4.546
13, 4.337
12, 4.337
11, 3.742
10, 3.630
9, 3.280
8, 3.098
7, 2.741
6, 2.622
5, 2.294
4, 2.091
3, 1.790
2, 1.762
1, 1.280
0, 1.266
-1, 0.832
-2, 0.699
-3, 0.412
-4, 0.266
-5, -0.077
-6, -0.203
-7, -0.511
-8, -0.783
-9, -1.105
-10, -1.133
-11, -1.504
-12, -1.588
-13, -1.853
-14, -1.965
-15, -2.350
-16, -2.525
-17, -2.854
-18, -2.987
-19, -3.294
-20, -3.309
-21, -3.714
-22, -3.770
-22, -4.134
-21, -4.288
-20, -4.449
-19, -4.421
-18, -4.421
-17, -4.414
-16, -4.092
-15, -4.071
-14, -3.728
-13, -3.637
-12, -3.225
-11, -3.071
-10, -2.756
-9, -2.595
-8, -2.434
-7, -2.434
-6, -1.923
-5, -1.917
-4, -1.553
-3, -1.504
-2, -1.091
-1, -0.931
0, -0.490
0, -0.371
1, -0.084
2, -0.091
3, 0.090
4, 0.104
5, 0.475
6, 0.496
7, 1.021
8, 1.104
9, 1.419
10, 1.573
11, 1.888
12, 2.070
13, 2.308
14, 2.322
15, 2.706
16, 2.825
17, 3.287
18, 3.413
19, 3.686
20, 3.840
21, 4.092
22, 4.246
22, 4.512
21, 4.554
20, 4.673
19, 4.687
18, 4.673
17, 4.673
16, 4.582
15, 4.630
14, 4.491
13, 4.491
12, 3.931
11, 3.854
10, 3.462
9, 3.392
8, 2.881
7, 2.763
6, 2.469
5, 2.280
4, 2.042
3, 2.042
2, 1.455
1, 1.434
0, 1.105
-1, 0.986
-2, 0.601
-3, 0.469
-4, 0.175
-5, 0.028
-6, -0.189
-7, -0.406
-8, -0.895
-9, -0.937
-10, -1.252
-11, -1.322
-12, -1.693
-13, -1.784
-14, -2.091
-15, -2.329
-16, -2.567
-17, -2.763
-18, -3.064
-19, -3.078
-20, -3.490
-21, -3.581
-22, -3.945
-22, -4.064
-21, -4.421
-20, -4.428
-19, -4.414
-18, -4.414
-17, -4.414
-16, -4.344
-15, -3.952
-14, -3.896
-13, -3.518
-12, -3.351
-11, -3.022
-10, -2.854
-9, -2.560
-8, -2.455
-7, -2.168
-6, -2.126
-5, -1.854
-4, -1.777
-3, -1.427
-2, -1.273
-1, -0.826
0, -0.630
0, -0.378
1, -0.189
2, -0.126
3, -0.112
4, 0.251
5, 0.307
6, 0.615
7, 0.769
8, 1.153
9, 1.321
10, 1.587
11, 1.776
12, 2.049
13, 2.056
14, 2.462
15, 2.532
16, 2.902
17, 3.077
18, 3.427
19, 3.567
20, 3.847
21, 3.959
22, 4.274
22, 4.302
21, 4.582
20, 4.603
19, 4.631
18, 4.631
17, 4.610
16, 4.533
15, 4.483
14, 4.483
13, 4.211
12, 4.183
11, 3.693
10, 3.574
9, 3.175
8, 3.007
7, 2.664
6, 2.525
5, 2.196
4, 2.196
3, 1.727
2, 1.594
1, 1.245
0, 1.182
-1, 0.713
-2, 0.580
-3, 0.342
-4, 0.175
-5, -0.133
-6, -0.133
-7, -0.602
-8, -0.679
-9, -1.133
-10, -1.217
-11, -1.546
-12, -1.658
-13, -1.896
-14, -2.035
-15, -2.392
-16, -2.560
-17, -2.896
-18, -2.903
-19, -3.267
-20, -3.393
-21, -3.749
-22, -3.861
-22, -4.190
-21, -4.400
-20, -4.470
-19, -4.470
-18, -4.442
-17, -4.449
-16, -4.190
-15, -4.043
-14, -3.777
-13, -3.637
-12, -3.281
-11, -3.078
-10, -2.805
-9, -2.798
-8, -2.476
-7, -2.434
-6, -2.028
-5, -1.966
-4, -1.609
-3, -1.518
-2, -1.119
-1, -0.896
0, -0.560
