0, -0.266
1, -0.532
2, -0.546
3, -0.595
4, -0.790
5, -1.007
6, -1.294
7, -1.553
8, -1.763
9, -1.896
10, -2.162
11, -2.371
12, -2.567
13, -2.728
14, -2.917
15, -3.099
16, -3.652
17, -3.897
18, -4.030
19, -4.289
20, -4.485
21, -4.681
22, -4.912
22, -5.157
21, -5.388
20, -5.388
19, -5.381
18, -5.374
17, -5.248
16, -5.002
15, -4.736
14, -4.498
13, -4.261
12, -4.037
11, -3.743
10, -3.505
9, -3.078
8, -2.882
7, -2.707
6, -2.497
5, -2.273
4, -2.042
3, -1.798
2, -1.525
1, -1.210
0, -0.993
-1, -0.741
-2, -0.469
-3, -0.210
-4, -0.007
-5, 0.203
-6, 0.385
-7, 0.748
-8, 0.979
-9, 1.168
-10, 1.413
-11, 1.651
-12, 1.854
-13, 2.049
-14, 2.287
-15, 2.455
-16, 2.819
-17, 3.043
-18, 3.239
-19, 3.421
-20, 3.631
-21, 3.862
-22, 4.029
-22, 4.225
-21, 4.421
-20, 4.470
-19, 4.456
-18, 4.379
-17, 4.233
-16, 4.044
-15, 3.855
-14, 3.603
-13, 3.414
-12, 3.204
-11, 2.903
-10, 2.658
-9, 2.462
-8, 2.231
-7, 2.035
-6, 1.777
-5, 1.532
-4, 1.364
-3, 1.140
-2, 0.720
-1, 0.504
0, 0.308
0, 0.098
1, -0.175
2, -0.189
3, -0.392
4, -0.594
5, -0.804
6, -1.070
7, -1.525
8, -1.728
9, -1.902
10, -2.147
11, -2.413
12, -2.623
13, -2.847
14, -3.036
15, -3.295
16, -3.742
17, -4.015
18, -4.162
19, -4.421
20, -4.624
21, -4.834
22, -5.030
22, -5.352
21, -5.513
20, -5.527
19, -5.527
18, -5.492
17, -5.401
16, -5.149
15, -4.883
14, -4.638
13, -4.414
12, -4.113
11, -3.882
10, -3.645
9, -3.253
8, -2.931
7, -2.806
6, -2.594
5, -2.398
4, -2.110
3, -1.829
2, -1.569
1, -1.296
0, -0.924
-1, -0.700
-2, -0.454
-3, -0.187
-4, 0.016
-5, 0.220
-6, 0.416
-7, 0.746
-8, 0.992
-9, 1.238
-10, 1.505
-11, 1.680
-12, 1.912
-13, 2.129
-14, 2.319
-15, 2.515
-16, 2.902
-17, 3.091
-18, 3.330
-19, 3.506
-20, 3.702
-21, 3.927
-22, 4.124
-22, 4.300
-21, 4.546
-20, 4.539
-19, 4.524
-18, 4.489
-17, 4.328
-16, 4.139
-15, 3.942
-14, 3.703
-13, 3.492
-12, 3.274
-11, 2.937
-10, 2.726
-9, 2.530
-8, 2.270
-7, 2.073
-6, 1.821
-5, 1.568
-4, 1.400
-3, 1.140
-2, 0.733
-1, 0.466
0, 0.249
0, -0.004
1, -0.207
2, -0.214
3, -0.396
4, -0.628
5, -0.852
6, -1.098
7, -1.519
8, -1.786
9, -1.912
10, -2.179
11, -2.404
12, -2.650
13, -2.839
14, -3.042
15, -3.218
16, -3.751
17, -3.969
18, -4.137
19, -4.383
20, -4.580
21, -4.783
22, -5.008
22, -5.247
21, -5.492
20, -5.499
19, -5.407
18, -5.324
17, -5.149
16, -4.889
15, -4.608
14, -4.362
13, -4.131
12, -3.857
11, -3.612
10, -3.401
9, -2.972
8, -2.713
7, -2.587
6, -2.383
5, -2.117
4, -1.927
3, -1.675
2, -1.415
1, -1.163
0, -0.903
-1, -0.671
-2, -0.404
-3, -0.159
-4, -0.005
-5, 0.269
-6, 0.417
-7, 0.768
-8, 0.958
-9, 1.288
-10, 1.428
-11, 1.618
-12, 1.814
-13, 2.033
-14, 2.236
-15, 2.433
-16, 2.798
-17, 2.994
-18, 3.198
-19, 3.430
-20, 3.585
-21, 3.789
-22, 3.964
-22, 4.182
-21, 4.421
-20, 4.428
-19, 4.407
-18, 4.358
-17, 4.211
-16, 4.014
-15, 3.818
-14, 3.607
-13, 3.410
-12, 3.186
-11, 2.912
-10, 2.680
-9, 2.470
-8, 2.245
-7, 2.049
-6, 1.789
-5, 1.571
-4, 1.402
-3, 1.115
-2, 0.686
-1, 0.539
0, 0.307
0, 0.075
1, -0.191
2, -0.184
3, -0.381
4, -0.599
5, -0.830
6, -1.111
7, -1.518
8, -1.750
9, -1.932
10, -2.192
11, -2.459
12, -2.677
13, -2.894
14, -3.084
15, -3.294
16, -3.779
17, -4.102
18, -4.186
19, -4.502
20, -4.705
21, -4.902
22, -5.126
22, -5.442
21, -5.604
20, -5.611
19, -5.604
18, -5.597
17, -5.478
16, -5.233
15, -4.980
14, -4.692
13, -4.468
12, -4.110
11, -3.934
10, -3.674
9, -3.345
8, -3.000
7, -2.818
6, -2.572
5, -2.347
4, -2.094
3, -1.834
2, -1.504
1, -1.322
0, -1.027
-1, -0.740
-2, -0.466
-3, -0.185
-4, 0.005
-5, 0.271
-6, 0.433
-7, 0.769
-8, 1.008
-9, 1.324
-10, 1.478
-11, 1.619
-12, 1.857
-13, 2.110
-14, 2.321
-15, 2.532
-16, 2.904
-17, 3.107
-18, 3.354
-19, 3.508
-20, 3.670
-21, 3.895
-22, 4.071
-22, 4.253
-21, 4.513
-20, 4.506
-19, 4.471
-18, 4.436
-17, 4.269
-16, 4.094
-15, 3.875
-14, 3.630
-13, 3.475
-12, 3.244
-11, 2.907
-10, 2.696
-9, 2.478
-8, 2.268
-7, 2.029
-6, 1.840
-5, 1.552
-4, 1.384
-3, 1.124
-2, 0.731
-1, 0.436
0, 0.240
0, -0.034
1, -0.252
2, -0.265
3, -0.441
4, -0.659
5, -0.926
6, -1.157
7, -1.536
8, -1.789
9, -1.929
10, -2.196
11, -2.435
12, -2.673
13, -2.856
14, -3.052
15, -3.249
16, -3.754
17, -4.014
18, -4.105
19, -4.414
20, -4.610
21, -4.792
22, -5.038
22, -5.263
21, -5.452
20, -5.459
19, -5.375
18, -5.326
17, -5.144
16, -4.934
15, -4.562
14, -4.302
13, -4.056
12, -3.775
11, -3.543
10, -3.290
9, -2.876
8, -2.623
7, -2.483
6, -2.279
5, -2.076
4, -1.837
3, -1.563
2, -1.283
1, -1.107
0, -0.798
-1, -0.567
-2, -0.321
-3, -0.062
-4, 0.142
-5, 0.381
-6, 0.528
-7, 0.921
-8, 1.125
-9, 1.307
-10, 1.560
-11, 1.693
-12, 1.939
-13, 2.191
-14, 2.381
-15, 2.620
-16, 2.915
-17, 3.147
-18, 3.385
-19, 3.540
-20, 3.730
-21, 3.975
-22, 4.109
-22, 4.299
-21, 4.474
-20, 4.495
-19, 4.474
-18, 4.425
-17, 4.271
-16, 4.061
-15, 3.864
-14, 3.612
-13, 3.457
-12, 3.177
-11, 2.875
-10, 2.608
-9, 2.453
-8, 2.229
-7, 2.025
-6, 1.773
-5, 1.534
-4, 1.337
-3, 1.113
-2, 0.720
-1, 0.460
0, 0.256
0, 0.032
1, -0.220
2, -0.214
3, -0.480
4, -0.719
5, -0.972
6, -1.245
7, -1.645
8, -1.898
9, -2.052
10, -2.298
11, -2.537
12, -2.741
13, -2.930
14, -3.105
15, -3.302
16, -3.800
17, -4.060
18, -4.187
19, -4.454
20, -4.629
21, -4.819
22, -5.036
22, -5.282
21, -5.478
20, -5.507
19, -5.493
18, -5.486
17, -5.375
16, -5.108
15, -4.869
14, -4.603
13, -4.385
12, -4.083
11, -3.872
10, -3.598
9, -3.219
8, -2.903
7, -2.763
6, -2.510
5, -2.335
4, -2.075
3, -1.808
2, -1.513
1, -1.324
0, -0.980
-1, -0.769
-2, -0.509
-3, -0.243
-4, -0.025
-5, 0.200
-6, 0.431
-7, 0.733
-8, 0.958
-9, 1.168
-10, 1.428
-11, 1.625
-12, 1.870
-13, 2.060
-14, 2.264
-15, 2.453
-16, 2.825
-17, 3.022
-18, 3.254
-19, 3.429
-20, 3.591
-21, 3.801
-22, 3.977
-22, 4.181
-21, 4.399
-20, 4.399
-19, 4.356
-18, 4.328
-17, 4.167
-16, 3.985
-15, 3.774
-14, 3.550
-13, 3.381
-12, 3.184
-11, 2.869
-10, 2.658
-9, 2.461
-8, 2.229
-7, 2.047
-6, 1.787
-5, 1.541
-4, 1.345
-3, 1.092
-2, 0.720
-1, 0.439
0, 0.250
0, -0.017
1, -0.221
2, -0.227
3, -0.438
4, -0.635
5, -0.852
6, -1.126
7, -1.526
8, -1.799
9, -1.926
10, -2.171
11, -2.403
12, -2.627
13, -2.817
14, -2.992
15, -3.196
16, -3.715
17, -3.947
18, -4.136
19, -4.361
20, -4.551
21, -4.740
22, -4.979
22, -5.225
21, -5.449
20, -5.449
19, -5.442
18, -5.428
17, -5.310
16, -5.078
15, -4.847
14, -4.601
13, -4.369
12, -4.081
11, -3.849
10, -3.611
9, -3.189
8, -2.923
7, -2.782
6, -2.565
5, -2.348
4, -2.137
3, -1.863
2, -1.568
1, -1.329
0, -1.028
-1, -0.761
-2, -0.502
-3, -0.235
-4, -0.045
-5, 0.235
-6, 0.390
-7, 0.741
-8, 0.937
-9, 1.267
-10, 1.428
-11, 1.646
-12, 1.842
-13, 2.060
-14, 2.284
-15, 2.481
-16, 2.839
-17, 3.057
-18, 3.233
-19, 3.458
-20, 3.640
-21, 3.830
-22, 4.027
-22, 4.210
-21, 4.413
-20, 4.441
-19, 4.413
-18, 4.371
-17, 4.204
-16, 4.014
-15, 3.818
-14, 3.579
-13, 3.403
-12, 3.158
-11, 2.863
-10, 2.617
-9, 2.434
-8, 2.154
-7, 1.999
-6, 1.740
-5, 1.522
-4, 1.361
-3, 1.094
-2, 0.736
-1, 0.547
0, 0.287
0, 0.055
1, -0.155
2, -0.148
3, -0.338
4, -0.549
5, -0.829
6, -1.026
7, -1.454
8, -1.671
9, -1.882
10, -2.072
11, -2.318
12, -2.556
13, -2.774
14, -2.936
15, -3.167
16, -3.637
17, -3.954
18, -4.087
19, -4.361
20, -4.564
21, -4.739
22, -4.971
22, -5.245
21, -5.428
20, -5.449
19, -5.428
18, -5.428
17, -5.345
16, -5.042
15, -4.832
14, -4.571
13, -4.354
12, -4.066
11, -3.842
10, -3.582
9, -3.196
8, -2.845
7, -2.747
6, -2.529
5, -2.304
4, -1.996
3, -1.799
2, -1.476
1, -1.287
0, -0.922
-1, -0.711
-2, -0.430
-3, -0.178
-4, 0.033
-5, 0.300
-6, 0.454
-7, 0.798
-8, 1.016
-9, 1.261
-10, 1.514
-11, 1.718
-12, 1.970
-13, 2.160
-14, 2.398
-15, 2.602
-16, 2.925
-17, 3.121
-18, 3.310
-19, 3.528
-20, 3.704
-21, 3.908
-22, 4.097
-22, 4.258
-21, 4.441
-20, 4.469
-19, 4.412
-18, 4.377
-17, 4.210
-16, 4.034
-15, 3.824
-14, 3.585
-13, 3.416
-12, 3.191
-11, 2.855
-10, 2.637
-9, 2.426
-8, 2.209
-7, 1.998
-6, 1.787
-5, 1.500
-4, 1.317
-3, 1.092
-2, 0.720
-1, 0.454
0, 0.243
0, -0.003
1, -0.220
2, -0.227
3, -0.466
4, -0.754
5, -0.986
6, -1.442
7, -1.702
8, -1.961
9, -2.116
10, -2.368
11, -2.614
12, -2.839
13, -3.001
14, -3.183
15, -3.373
16, -3.892
17, -4.144
18, -4.257
19, -4.496
20, -4.678
21, -4.882
22, -5.072
22, -5.317
21, -5.542
20, -5.528
19, -5.458
18, -5.395
17, -5.199
16, -4.954
15, -4.652
14, -4.441
13, -4.175
12, -3.894
11, -3.662
10, -3.452
9, -3.002
8, -2.750
7, -2.638
6, -2.413
5, -2.238
4, -1.992
3, -1.754
2, -1.508
1, -1.249
0, -0.954
-1, -0.715
-2, -0.449
-3, -0.189
-4, 0.022
-5, 0.233
-6, 0.436
-7, 0.667
-8, 0.962
-9, 1.159
-10, 1.398
-11, 1.538
-12, 1.798
-13, 2.051
-14, 2.233
-15, 2.430
-16, 2.773
-17, 2.998
-18, 3.237
-19, 3.398
-20, 3.588
-21, 3.784
-22, 3.988
-22, 4.177
-21, 4.402
-20, 4.402
-19, 4.374
-18, 4.325
-17, 4.171
-16, 3.982
-15, 3.785
-14, 3.532
-13, 3.343
-12, 3.146
-11, 2.851
-10, 2.613
-9, 2.430
-8, 2.170
-7, 2.009
-6, 1.742
-5, 1.510
-4, 1.313
-3, 1.110
-2, 0.731
-1, 0.506
0, 0.247
0, -0.013
1, -0.224
2, -0.224
3, -0.420
4, -0.624
5, -0.870
6, -1.087
7, -1.480
8, -1.690
9, -1.873
10, -2.118
11, -2.378
12, -2.588
13, -2.792
14, -2.974
15, -3.262
16, -3.712
17, -3.930
18, -4.091
19, -4.330
20, -4.541
21, -4.745
22, -4.934
22, -5.271
21, -5.405
20, -5.433
19, -5.426
18, -5.349
17, -5.216
16, -4.957
15, -4.697
14, -4.507
13, -4.255
12, -3.946
11, -3.756
10, -3.496
9, -3.110
8, -2.850
7, -2.723
6, -2.499
5, -2.302
4, -2.064
3, -1.818
2, -1.566
1, -1.306
0, -0.955
-1, -0.759
-2, -0.499
-3, -0.218
-4, -0.029
-5, 0.231
-6, 0.385
-7, 0.680
-8, 0.954
-9, 1.263
-10, 1.445
-11, 1.628
-12, 1.873
-13, 2.070
-14, 2.323
-15, 2.533
-16, 2.856
-17, 3.046
-18, 3.256
-19, 3.481
-20, 3.684
-21, 3.888
-22, 4.063
-22, 4.260
-21, 4.520
-20, 4.528
-19, 4.499
-18, 4.464
-17, 4.276
-16, 4.093
-15, 3.889
-14, 3.643
-13, 3.454
-12, 3.229
-11, 2.914
-10, 2.696
-9, 2.499
-8, 2.246
-7, 2.092
-6, 1.825
-5, 1.537
-4, 1.362
-3, 1.116
-2, 0.710
-1, 0.436
0, 0.197
0, -0.020
1, -0.238
2, -0.245
3, -0.463
4, -0.694
5, -0.919
6, -1.179
7, -1.578
8, -1.838
9, -1.964
10, -2.237
11, -2.483
12, -2.701
13, -2.890
14, -3.101
15, -3.304
16, -3.824
17, -4.062
18, -4.280
19, -4.477
20, -4.680
21, -4.870
22, -5.088
22, -5.326
21, -5.558
20, -5.551
19, -5.439
18, -5.355
17, -5.145
16, -4.906
15, -4.611
14, -4.351
13, -4.092
12, -3.839
11, -3.622
10, -3.390
9, -2.990
8, -2.737
7, -2.632
6, -2.421
5, -2.176
4, -2.000
3, -1.720
2, -1.432
1, -1.200
0, -0.962
-1, -0.737
-2, -0.471
-3, -0.211
-4, -0.007
-5, 0.238
-6, 0.379
-7, 0.737
-8, 0.996
-9, 1.228
-10, 1.452
-11, 1.649
-12, 1.895
-13, 2.099
-14, 2.296
-15, 2.492
-16, 2.871
-17, 3.068
-18, 3.300
-19, 3.496
-20, 3.658
-21, 3.918
-22, 4.073
-22, 4.276
-21, 4.515
-20, 4.508
-19, 4.480
-18, 4.431
-17, 4.263
-16, 4.073
-15, 3.898
-14, 3.645
-13, 3.490
-12, 3.252
-11, 2.942
-10, 2.703
-9, 2.514
-8, 2.269
-7, 2.079
-6, 1.820
-5, 1.588
-4, 1.426
-3, 1.146
-2, 0.753
-1, 0.494
0, 0.276
0, 0.023
1, -0.194
2, -0.194
3, -0.398
4, -0.616
5, -0.945
6, -1.107
7, -1.507
8, -1.732
9, -1.977
10, -2.153
11, -2.420
12, -2.616
13, -2.812
14, -2.995
15, -3.290
16, -3.697
17, -3.964
18, -4.069
19, -4.350
20, -4.540
21, -4.737
22, -4.954
22, -5.207
21, -5.383
20, -5.375
19, -5.362
18, -5.362
17, -5.264
16, -5.033
15, -4.773
14, -4.513
13, -4.289
12, -3.931
11, -3.748
10, -3.516
9, -3.243
8, -2.836
7, -2.710
6, -2.506
5, -2.275
4, -2.008
3, -1.811
2, -1.482
1, -1.299
0, -0.920
-1, -0.730
-2, -0.471
-3, -0.190
-4, -0.007
-5, 0.252
-6, 0.414
-7, 0.723
-8, 1.039
-9, 1.313
-10, 1.531
-11, 1.720
-12, 1.973
-13, 2.162
-14, 2.408
-15, 2.577
-16, 2.942
-17, 3.153
-18, 3.391
-19, 3.560
-20, 3.764
-21, 3.981
-22, 4.150
-22, 4.339
-21, 4.585
-20, 4.585
-19, 4.550
-18, 4.508
-17, 4.333
-16, 4.151
-15, 3.940
-14, 3.715
-13, 3.484
-12, 3.259
-11, 2.943
-10, 2.739
-9, 2.507
-8, 2.283
-7, 2.058
-6, 1.813
-5, 1.553
-4, 1.377
-3, 1.138
-2, 0.753
-1, 0.493
0, 0.283
0, 0.009
1, -0.222
2, -0.250
3, -0.426
4, -0.699
5, -0.910
6, -1.247
7, -1.590
8, -1.836
9, -1.969
10, -2.229
11, -2.460
12, -2.706
13, -2.889
14, -3.078
15, -3.275
16, -3.823
17, -4.082
18, -4.223
19, -4.475
20, -4.672
21, -4.862
22, -5.086
22, -5.325
21, -5.550
20, -5.543
19, -5.438
18, -5.368
17, -5.166
16, -4.885
15, -4.583
14, -4.324
13, -4.057
12, -3.811
11, -3.587
10, -3.334
9, -2.934
8, -2.688
7, -2.541
6, -2.331
5, -2.169
4, -1.881
3, -1.587
2, -1.355
1, -1.123
0, -0.885
-1, -0.660
-2, -0.380
-3, -0.120
-4, 0.083
-5, 0.322
-6, 0.476
-7, 0.855
-8, 1.045
-9, 1.374
-10, 1.536
-11, 1.726
-12, 1.930
-13, 2.154
-14, 2.351
-15, 2.555
-16, 2.878
-17, 3.145
-18, 3.327
-19, 3.516
-20, 3.713
-21, 3.903
-22, 4.100
-22, 4.289
-21, 4.535
-20, 4.528
-19, 4.514
-18, 4.458
-17, 4.298
-16, 4.115
-15, 3.904
-14, 3.651
-13, 3.462
-12, 3.244
-11, 2.921
-10, 2.696
-9, 2.492
-8, 2.225
-7, 2.078
-6, 1.811
-5, 1.586
-4, 1.410
-3, 1.172
-2, 0.779
-1, 0.512
0, 0.295
0, 0.028
1, -0.183
2, -0.183
3, -0.428
4, -0.632
5, -0.864
6, -1.116
7, -1.537
8, -1.755
9, -2.000
10, -2.183
11, -2.436
12, -2.654
13, -2.836
14, -3.025
15, -3.243
16, -3.741
17, -4.001
18, -4.092
19, -4.387
20, -4.576
21, -4.752
22, -4.977
22, -5.209
21, -5.412
20, -5.440
19, -5.419
18, -5.314
17, -5.189
16, -4.838
15, -4.635
14, -4.396
13, -4.108
12, -3.863
11, -3.652
10, -3.414
9, -3.035
8, -2.747
7, -2.607
6, -2.438
5, -2.178
4, -1.940
3, -1.708
2, -1.477
1, -1.203
0, -0.915
-1, -0.655
-2, -0.424
-3, -0.143
-4, 0.033
-5, 0.279
-6, 0.447
-7, 0.734
-8, 1.029
-9, 1.254
-10, 1.486
-11, 1.689
-12, 1.927
-13, 2.131
-14, 2.349
-15, 2.531
-16, 2.917
-17, 3.106
-18, 3.310
-19, 3.535
-20, 3.731
-21, 3.942
-22, 4.125
-22, 4.314
-21, 4.490
-20, 4.490
-19, 4.448
-18, 4.419
-17, 4.280
-16, 4.119
-15, 3.929
-14, 3.733
-13, 3.487
-12, 3.270
-11, 2.919
-10, 2.702
-9, 2.505
-8, 2.259
-7, 2.027
-6, 1.796
-5, 1.515
-4, 1.368
-3, 1.101
-2, 0.778
-1, 0.497
0, 0.294
0, 0.020
1, -0.190
2, -0.198
3, -0.366
4, -0.654
5, -0.872
6, -1.222
7, -1.531
8, -1.805
9, -1.938
10, -2.226
11, -2.457
12, -2.675
13, -2.885
14, -3.047
15, -3.257
16, -3.763
17, -3.994
18, -4.156
19, -4.409
20, -4.612
21, -4.794
22, -4.998
22, -5.237
21, -5.462
20, -5.462
19, -5.378
18, -5.336
17, -5.147
16, -4.895
15, -4.607
14, -4.389
13, -4.101
12, -3.849
11, -3.631
10, -3.399
9, -2.993
8, -2.732
7, -2.607
6, -2.410
5, -2.143
4, -1.912
3, -1.632
2, -1.477
1, -1.231
0, -0.929
-1, -0.683
-2, -0.431
-3, -0.157
-4, 0.046
-5, 0.306
-6, 0.446
-7, 0.748
-8, 1.008
-9, 1.253
-10, 1.499
-11, 1.674
-12, 1.920
-13, 2.124
-14, 2.320
-15, 2.551
-16, 2.825
-17, 3.071
-18, 3.274
-19, 3.457
-20, 3.639
-21, 3.829
-22, 4.033
-22, 4.222
-21, 4.440
-20, 4.475
-19, 4.468
-18, 4.426
-17, 4.265
-16, 4.082
-15, 3.878
-14, 3.626
-13, 3.478
-12, 3.183
-11, 2.931
-10, 2.671
-9, 2.495
-8, 2.228
-7, 2.088
-6, 1.807
-5, 1.568
-4, 1.365
-3, 1.154
-2, 0.691
-1, 0.487
0, 0.277
0, 0.018
1, -0.207
2, -0.221
3, -0.397
4, -0.656
5, -0.888
6, -1.175
7, -1.589
8, -1.785
9, -2.066
10, -2.241
11, -2.459
12, -2.725
13, -2.915
14, -3.083
15, -3.301
16, -3.785
17, -4.094
18, -4.234
19, -4.501
20, -4.683
21, -4.866
22, -5.098
22, -5.336
21, -5.533
20, -5.540
19, -5.519
18, -5.505
17, -5.401
16, -5.134
15, -4.903
14, -4.643
13, -4.418
12, -4.102
11, -3.892
10, -3.618
9, -3.232
8, -2.937
7, -2.769
6, -2.509
5, -2.327
4, -2.095
3, -1.835
2, -1.519
1, -1.330
0, -0.972
-1, -0.762
-2, -0.474
-3, -0.207
-4, 0.003
-5, 0.263
-6, 0.417
-7, 0.754
-8, 1.041
-9, 1.308
-10, 1.469
-11, 1.666
-12, 1.925
-13, 2.108
-14, 2.375
-15, 2.550
-16, 2.866
-17, 3.070
-18, 3.302
-19, 3.470
-20, 3.666
-21, 3.884
-22, 4.087
-22, 4.270
-21, 4.495
-20, 4.481
-19, 4.453
-18, 4.404
-17, 4.229
-16, 4.047
-15, 3.850
-14, 3.604
-13, 3.422
-12, 3.183
-11, 2.853
-10, 2.650
-9, 2.439
-8, 2.179
-7, 2.003
-6, 1.793
-5, 1.527
-4, 1.344
-3, 1.070
-2, 0.720
-1, 0.432
0, 0.249
0, -0.010
1, -0.228
2, -0.242
3, -0.396
4, -0.670
5, -0.894
6, -1.210
7, -1.568
8, -1.827
9, -2.045
10, -2.234
11, -2.501
12, -2.726
13, -2.936
14, -3.125
15, -3.329
16, -3.870
17, -4.115
18, -4.241
19, -4.480
20, -4.677
21, -4.874
22, -5.091
22, -5.323
21, -5.548
20, -5.534
19, -5.429
18, -5.387
17, -5.204
16, -4.952
15, -4.671
14, -4.446
13, -4.186
12, -3.941
11, -3.681
10, -3.456
9, -3.084
8, -2.831
7, -2.664
6, -2.453
5, -2.179
4, -2.018
3, -1.765
2, -1.513
1, -1.267
0, -0.986
-1, -0.713
-2, -0.474
-3, -0.215
-4, -0.018
-5, 0.235
-6, 0.368
-7, 0.754
-8, 0.936
-9, 1.266
-10, 1.435
-11, 1.652
-12, 1.834
-13, 2.066
-14, 2.284
-15, 2.466
-16, 2.824
-17, 3.021
-18, 3.210
-19, 3.435
-20, 3.610
-21, 3.863
-22, 3.997
-22, 4.186
-21, 4.376
-20, 4.418
-19, 4.397
-18, 4.355
-17, 4.194
-16, 3.998
-15, 3.794
-14, 3.541
-13, 3.372
-12, 3.148
-11, 2.881
-10, 2.608
-9, 2.425
-8, 2.207
-7, 2.017
-6, 1.744
-5, 1.533
-4, 1.372
-3, 1.098
-2, 0.754
-1, 0.494
0, 0.291
0, 0.038
1, -0.172
2, -0.179
3, -0.376
4, -0.594
5, -0.881
6, -1.148
7, -1.450
8, -1.688
9, -1.934
10, -2.117
11, -2.376
12, -2.580
13, -2.776
14, -2.966
15, -3.232
16, -3.675
17, -3.892
18, -4.060
19, -4.299
20, -4.496
21, -4.685
22, -4.903
22, -5.142
21, -5.338
20, -5.367
19, -5.324
18, -5.269
17, -5.151
16, -4.905
15, -4.652
14, -4.413
13, -4.203
12, -3.880
11, -3.683
10, -3.445
9, -3.066
8, -2.799
7, -2.665
6, -2.441
5, -2.265
4, -1.963
3, -1.767
2, -1.528
1, -1.283
0, -0.961
-1, -0.722
-2, -0.470
-3, -0.182
-4, -0.006
-5, 0.246
-6, 0.449
-7, 0.709
-8, 1.004
-9, 1.222
-10, 1.495
-11, 1.664
-12, 1.889
-13, 2.106
-14, 2.296
-15, 2.506
-16, 2.899
-17, 3.096
-18, 3.335
-19, 3.497
-20, 3.694
-21, 3.890
-22, 4.066
-22, 4.256
-21, 4.502
-20, 4.495
-19, 4.466
-18, 4.431
-17, 4.277
-16, 4.081
-15, 3.877
-14, 3.666
-13, 3.484
-12, 3.210
-11, 2.894
-10, 2.683
-9, 2.494
-8, 2.242
-7, 2.053
-6, 1.807
-5, 1.547
-4, 1.358
-3, 1.133
-2, 0.733
-1, 0.480
0, 0.269
0, 0.017
1, -0.207
2, -0.235
3, -0.390
4, -0.656
5, -0.874
6, -1.126
7, -1.533
8, -1.793
9, -1.947
10, -2.207
11, -2.417
12, -2.684
13, -2.888
14, -3.071
15, -3.288
16, -3.807
17, -4.074
18, -4.214
19, -4.438
20, -4.670
21, -4.873
22, -5.105
22, -5.330
21, -5.547
20, -5.554
19, -5.400
18, -5.344
17, -5.127
16, -4.875
15, -4.551
14, -4.291
13, -3.996
12, -3.744
11, -3.485
10, -3.281
9, -2.874
8, -2.621
7, -2.467
6, -2.256
5, -1.989
4, -1.828
3, -1.569
2, -1.330
1, -1.091
0, -0.783
-1, -0.551
-2, -0.298
-3, -0.046
-4, 0.158
-5, 0.389
-6, 0.536
-7, 0.867
-8, 1.154
-9, 1.344
-10, 1.596
-11, 1.779
-12, 2.025
-13, 2.214
-14, 2.410
-15, 2.642
-16, 2.958
-17, 3.154
-18, 3.344
-19, 3.526
-20, 3.702
-21, 3.899
-22, 4.075
-22, 4.257
-21, 4.475
-20, 4.496
-19, 4.468
-18, 4.419
-17, 4.272
-16, 4.061
-15, 3.872
-14, 3.626
-13, 3.429
-12, 3.218
-11, 2.937
-10, 2.691
-9, 2.502
-8, 2.277
-7, 2.081
-6, 1.807
-5, 1.575
-4, 1.393
-3, 1.176
-2, 0.776
-1, 0.551
0, 0.291
0, 0.067
1, -0.179
2, -0.179
3, -0.376
4, -0.586
5, -0.818
6, -1.070
7, -1.505
8, -1.716
9, -1.892
10, -2.144
11, -2.404
12, -2.615
13, -2.825
14, -3.015
15, -3.211
16, -3.709
17, -4.011
18, -4.144
19, -4.404
20, -4.594
21, -4.847
22, -5.008
22, -5.289
21, -5.458
20, -5.464
19, -5.408
18, -5.303
17, -5.171
16, -4.883
15, -4.638
14, -4.363
13, -4.132
12, -3.830
11, -3.647
10, -3.394
9, -3.022
8, -2.741
7, -2.615
6, -2.369
5, -2.124
4, -1.871
3, -1.668
2, -1.437
1, -1.177
0, -0.889
-1, -0.651
-2, -0.391
-3, -0.118
-4, 0.079
-5, 0.324
-6, 0.569
-7, 0.780
-8, 1.110
-9, 1.292
-10, 1.545
-11, 1.741
-12, 1.994
-13, 2.211
-14, 2.422
-15, 2.619
-16, 2.949
-17, 3.131
-18, 3.342
-19, 3.524
-20, 3.693
-21, 3.883
-22, 4.051
-22, 4.213
-21, 4.459
-20, 4.445
-19, 4.403
-18, 4.353
-17, 4.165
-16, 3.976
-15, 3.779
-14, 3.526
-13, 3.379
-12, 3.119
-11, 2.803
-10, 2.600
-9, 2.396
-8, 2.143
-7, 1.975
-6, 1.778
-5, 1.505
-4, 1.336
-3, 1.021
-2, 0.691
-1, 0.431
0, 0.213
