0, 0.175
1, 0.441
2, 0.434
3, 0.441
4, 0.525
5, 0.329
6, -0.042
7, -0.315
8, -0.574
9, -0.825
10, -1.056
11, -1.266
12, -1.504
13, -1.707
14, -1.945
15, -2.098
16, -2.280
17, -2.441
18, -2.539
19, -2.658
20, -2.854
21, -3.036
22, -3.162
22, -3.358
21, -3.792
20, -3.834
19, -3.841
18, -3.953
17, -3.582
16, -3.316
15, -3.106
14, -2.910
13, -2.651
12, -2.483
11, -2.301
10, -2.049
9, -1.952
8, -1.672
7, -1.532
6, -1.364
5, -1.126
4, -0.944
3, -0.706
2, -0.588
1, -0.182
0, 0.133
-1, 0.350
-2, 0.490
-3, 0.553
-4, 0.853
-5, 1.056
-6, 1.322
-7, 1.553
-8, 1.903
-9, 2.161
-10, 2.378
-11, 2.637
-12, 2.903
-13, 3.141
-14, 3.344
-15, 3.582
-16, 3.883
-17, 4.141
-18, 4.218
-19, 4.477
-20, 4.764
-21, 4.975
-22, 5.149
-22, 5.416
-21, 5.675
-20, 5.710
-19, 5.744
-18, 5.682
-17, 5.443
-16, 5.240
-15, 5.086
-14, 4.911
-13, 4.666
-12, 4.393
-11, 4.197
-10, 3.931
-9, 3.770
-8, 3.603
-7, 3.295
-6, 3.071
-5, 2.875
-4, 2.616
-3, 2.217
-2, 1.937
-1, 1.776
0, 1.504
0, 1.210
1, 0.979
2, 0.944
3, 0.720
4, 0.531
5, 0.266
6, -0.154
7, -0.406
8, -0.637
9, -0.902
10, -1.084
11, -1.210
12, -1.455
13, -1.644
14, -1.903
15, -2.154
16, -2.225
17, -2.351
18, -2.448
19, -2.553
20, -2.735
21, -2.973
22, -3.148
22, -3.379
21, -3.813
20, -3.799
19, -3.841
18, -3.820
17, -3.505
16, -3.295
15, -3.099
14, -2.896
13, -2.644
12, -2.434
11, -2.350
10, -2.196
9, -1.966
8, -1.651
7, -1.441
6, -1.308
5, -1.007
4, -0.839
3, -0.602
2, -0.455
1, -0.231
0, -0.035
-1, 0.210
-2, 0.350
-3, 0.594
-4, 0.762
-5, 1.049
-6, 1.427
-7, 1.693
-8, 1.986
-9, 2.245
-10, 2.420
-11, 2.700
-12, 2.980
-13, 3.267
-14, 3.442
-15, 3.631
-16, 3.813
-17, 4.001
-18, 4.268
-19, 4.582
-20, 4.750
-21, 5.044
-22, 5.269
-22, 5.584
-21, 5.843
-20, 5.877
-19, 5.829
-18, 5.689
-17, 5.513
-16, 5.331
-15, 5.177
-14, 4.911
-13, 4.666
-12, 4.309
-11, 4.079
-10, 3.883
-9, 3.763
-8, 3.561
-7, 3.351
-6, 3.113
-5, 2.994
-4, 2.637
-3, 2.308
-2, 2.035
-1, 1.847
0, 1.560
0, 1.266
1, 1.014
2, 0.965
3, 0.720
4, 0.539
5, 0.224
6, -0.196
7, -0.532
8, -0.748
9, -0.895
10, -1.140
11, -1.287
12, -1.476
13, -1.630
14, -1.868
15, -2.196
16, -2.217
17, -2.294
18, -2.448
19, -2.588
20, -2.798
21, -3.015
22, -3.134
22, -3.267
21, -3.778
20, -3.806
19, -3.743
18, -3.603
17, -3.316
16, -3.162
15, -3.057
14, -2.847
13, -2.616
12, -2.448
11, -2.315
10, -2.119
9, -1.986
8, -1.672
7, -1.525
6, -1.301
5, -1.126
4, -0.888
3, -0.629
2, -0.462
1, -0.210
0, 0.028
-1, 0.259
-2, 0.476
-3, 0.734
-4, 0.860
-5, 1.091
-6, 1.231
-7, 1.455
-8, 1.917
-9, 2.210
-10, 2.469
-11, 2.644
-12, 2.987
-13, 3.225
-14, 3.386
-15, 3.533
-16, 3.778
-17, 4.072
-18, 4.261
-19, 4.491
-20, 4.722
-21, 5.009
-22, 5.212
-22, 5.457
-21, 5.759
-20, 5.773
-19, 5.724
-18, 5.661
-17, 5.471
-16, 5.303
-15, 5.079
-14, 4.869
-13, 4.610
-12, 4.365
-11, 4.141
-10, 3.945
-9, 3.658
-8, 3.490
-7, 3.309
-6, 3.134
-5, 2.931
-4, 2.679
-3, 2.315
-2, 2.070
-1, 1.832
0, 1.539
0, 1.238
1, 1.028
2, 0.972
3, 0.685
4, 0.503
5, 0.252
6, -0.189
7, -0.497
8, -0.567
9, -0.742
10, -1.077
11, -1.287
12, -1.455
13, -1.644
14, -1.938
15, -2.204
16, -2.309
17, -2.413
18, -2.470
19, -2.630
20, -2.756
21, -2.973
22, -3.134
22, -3.323
21, -3.904
20, -3.890
19, -3.806
18, -3.778
17, -3.561
16, -3.351
15, -3.183
14, -2.875
13, -2.616
12, -2.511
11, -2.329
10, -2.161
9, -2.028
8, -1.707
7, -1.532
6, -1.343
5, -1.119
4, -0.881
3, -0.609
2, -0.497
1, -0.266
0, -0.021
-1, 0.259
-2, 0.462
-3, 0.797
-4, 0.972
-5, 1.161
-6, 1.364
-7, 1.651
-8, 1.952
-9, 2.231
-10, 2.406
-11, 2.735
-12, 2.980
-13, 3.239
-14, 3.421
-15, 3.568
-16, 3.841
-17, 4.141
-18, 4.302
-19, 4.533
-20, 4.807
-21, 5.094
-22, 5.276
-22, 5.535
-21, 5.744
-20, 5.759
-19, 5.752
-18, 5.703
-17, 5.577
-16, 5.303
-15, 5.156
-14, 4.968
-13, 4.639
-12, 4.275
-11, 4.162
-10, 3.924
-9, 3.771
-8, 3.561
-7, 3.393
-6, 3.162
-5, 3.015
-4, 2.728
-3, 2.427
-2, 2.063
-1, 1.812
0, 1.469
0, 1.175
1, 0.979
2, 0.937
3, 0.713
4, 0.511
5, 0.210
6, -0.175
7, -0.413
8, -0.525
9, -0.811
10, -1.063
11, -1.217
12, -1.413
13, -1.658
14, -1.868
15, -2.210
16, -2.287
17, -2.350
18, -2.525
19, -2.707
20, -2.854
21, -2.994
22, -3.134
22, -3.344
21, -3.883
20, -3.862
19, -3.806
18, -3.834
17, -3.589
16, -3.372
15, -3.134
14, -2.875
13, -2.602
12, -2.504
11, -2.315
10, -2.133
9, -1.993
8, -1.734
7, -1.553
6, -1.343
5, -1.161
4, -1.028
3, -0.762
2, -0.559
1, -0.364
0, -0.133
-1, 0.154
-2, 0.406
-3, 0.616
-4, 0.784
-5, 1.182
-6, 1.385
-7, 1.602
-8, 1.903
-9, 2.092
-10, 2.308
-11, 2.567
-12, 2.910
-13, 3.232
-14, 3.386
-15, 3.582
-16, 3.855
-17, 4.128
-18, 4.324
-19, 4.547
-20, 4.807
-21, 4.988
-22, 5.220
-22, 5.514
-21, 5.668
-20, 5.689
-19, 5.703
-18, 5.640
-17, 5.493
-16, 5.339
-15, 5.129
-14, 4.947
-13, 4.709
-12, 4.394
-11, 4.170
-10, 3.988
-9, 3.764
-8, 3.554
-7, 3.323
-6, 3.141
-5, 2.973
-4, 2.721
-3, 2.385
-2, 2.119
-1, 1.812
0, 1.588
0, 1.336
1, 1.070
2, 0.937
3, 0.714
4, 0.532
5, 0.322
6, -0.168
7, -0.489
8, -0.650
9, -0.846
10, -1.000
11, -1.196
12, -1.427
13, -1.616
14, -1.867
15, -2.196
16, -2.287
17, -2.343
18, -2.476
19, -2.609
20, -2.777
21, -2.994
22, -3.120
22, -3.329
21, -3.868
20, -3.882
19, -3.819
18, -3.693
17, -3.434
16, -3.231
15, -3.085
14, -2.861
13, -2.665
12, -2.525
11, -2.266
10, -2.119
9, -1.986
8, -1.622
7, -1.427
6, -1.329
5, -1.119
4, -0.902
3, -0.650
2, -0.496
1, -0.272
0, -0.049
-1, 0.217
-2, 0.413
-3, 0.644
-4, 0.791
-5, 1.049
-6, 1.259
-7, 1.609
-8, 1.889
-9, 2.196
-10, 2.455
-11, 2.721
-12, 2.931
-13, 3.232
-14, 3.400
-15, 3.638
-16, 3.862
-17, 4.177
-18, 4.331
-19, 4.604
-20, 4.905
-21, 5.129
-22, 5.353
-22, 5.563
-21, 5.724
-20, 5.780
-19, 5.773
-18, 5.661
-17, 5.486
-16, 5.276
-15, 5.108
-14, 4.933
-13, 4.646
-12, 4.429
-11, 4.219
-10, 3.974
-9, 3.785
-8, 3.617
-7, 3.393
-6, 3.148
-5, 2.931
-4, 2.644
-3, 2.260
-2, 2.050
-1, 1.805
0, 1.518
0, 1.224
1, 1.035
2, 0.972
3, 0.728
4, 0.532
5, 0.280
6, -0.168
7, -0.364
8, -0.636
9, -0.839
10, -1.063
11, -1.189
12, -1.434
13, -1.623
14, -1.923
15, -2.175
16, -2.259
17, -2.350
18, -2.462
19, -2.644
20, -2.833
21, -3.050
22, -3.120
22, -3.330
21, -3.778
20, -3.820
19, -3.806
18, -3.652
17, -3.351
16, -3.085
15, -2.987
14, -2.854
13, -2.658
12, -2.490
11, -2.273
10, -2.126
9, -1.993
8, -1.679
7, -1.539
6, -1.336
5, -1.182
4, -1.140
3, -0.916
2, -0.741
1, -0.420
0, -0.126
-1, 0.147
-2, 0.329
-3, 0.497
-4, 0.867
-5, 1.182
-6, 1.413
-7, 1.630
-8, 1.945
-9, 2.224
-10, 2.448
-11, 2.672
-12, 2.882
-13, 3.162
-14, 3.393
-15, 3.652
-16, 3.952
-17, 4.169
-18, 4.309
-19, 4.498
-20, 4.765
-21, 5.016
-22, 5.241
-22, 5.492
-21, 5.780
-20, 5.787
-19, 5.773
-18, 5.668
-17, 5.514
-16, 5.248
-15, 5.066
-14, 4.876
-13, 4.618
-12, 4.358
-11, 4.205
-10, 4.009
-9, 3.792
-8, 3.589
-7, 3.351
-6, 3.169
-5, 2.945
-4, 2.658
-3, 2.238
-2, 2.049
-1, 1.833
0, 1.588
0, 1.252
1, 1.049
2, 1.007
3, 0.783
4, 0.546
5, 0.259
6, -0.077
7, -0.378
8, -0.581
9, -0.818
10, -1.105
11, -1.238
12, -1.483
13, -1.630
14, -1.903
15, -2.098
16, -2.280
17, -2.378
18, -2.469
19, -2.644
20, -2.812
21, -2.987
22, -3.057
22, -3.358
21, -3.862
20, -3.834
19, -3.820
18, -3.666
17, -3.365
16, -3.267
15, -3.120
14, -2.875
13, -2.763
12, -2.567
11, -2.315
10, -2.105
9, -1.972
8, -1.679
7, -1.518
6, -1.322
5, -1.084
4, -0.923
3, -0.615
2, -0.433
1, -0.252
0, -0.063
-1, 0.161
-2, 0.336
-3, 0.560
-4, 0.728
-5, 1.049
-6, 1.294
-7, 1.609
-8, 1.868
-9, 2.211
-10, 2.420
-11, 2.700
-12, 2.903
-13, 3.176
-14, 3.365
-15, 3.526
-16, 3.806
-17, 4.079
-18, 4.275
-19, 4.499
-20, 4.786
-21, 4.961
-22, 5.150
-22, 5.500
-21, 5.759
-20, 5.759
-19, 5.710
-18, 5.647
-17, 5.465
-16, 5.296
-15, 5.136
-14, 4.933
-13, 4.701
-12, 4.443
-11, 4.198
-10, 4.002
-9, 3.771
-8, 3.575
-7, 3.393
-6, 3.169
-5, 3.022
-4, 2.714
-3, 2.357
-2, 2.042
-1, 1.798
0, 1.525
0, 1.259
1, 1.014
2, 0.951
3, 0.707
4, 0.574
5, 0.231
6, -0.196
7, -0.448
8, -0.636
9, -0.888
10, -1.098
11, -1.245
12, -1.490
13, -1.630
14, -1.805
15, -2.119
16, -2.315
17, -2.364
18, -2.497
19, -2.651
20, -2.791
21, -2.987
22, -3.162
22, -3.316
21, -3.785
20, -3.778
19, -3.785
18, -3.638
17, -3.288
16, -3.246
15, -3.134
14, -2.910
13, -2.553
12, -2.476
11, -2.252
10, -2.063
9, -1.881
8, -1.581
7, -1.420
6, -1.168
5, -0.951
4, -0.923
3, -0.664
2, -0.559
1, -0.252
0, 0.028
-1, 0.308
-2, 0.441
-3, 0.602
-4, 0.902
-5, 1.168
-6, 1.427
-7, 1.679
-8, 2.007
-9, 2.245
-10, 2.441
-11, 2.658
-12, 2.952
-13, 3.239
-14, 3.435
-15, 3.652
-16, 4.002
-17, 4.212
-18, 4.352
-19, 4.569
-20, 4.807
-21, 5.010
-22, 5.234
-22, 5.465
-21, 5.675
-20, 5.731
-19, 5.738
-18, 5.661
-17, 5.486
-16, 5.269
-15, 5.094
-14, 4.912
-13, 4.695
-12, 4.373
-11, 4.163
-10, 3.988
-9, 3.708
-8, 3.505
-7, 3.351
-6, 3.099
-5, 2.966
-4, 2.630
-3, 2.323
-2, 2.050
-1, 1.791
0, 1.532
0, 1.217
1, 0.979
2, 0.923
3, 0.721
4, 0.476
5, 0.252
6, -0.203
7, -0.510
8, -0.657
9, -0.846
10, -1.042
11, -1.266
12, -1.448
13, -1.657
14, -1.888
15, -2.238
16, -2.287
17, -2.378
18, -2.504
19, -2.616
20, -2.749
21, -2.952
22, -3.078
22, -3.245
21, -3.679
20, -3.714
19, -3.707
18, -3.623
17, -3.308
16, -3.141
15, -3.022
14, -2.819
13, -2.616
12, -2.490
11, -2.336
10, -2.133
9, -1.902
8, -1.650
7, -1.406
6, -1.182
5, -0.867
4, -0.881
3, -0.699
2, -0.531
1, -0.216
0, -0.049
-1, 0.217
-2, 0.441
-3, 0.686
-4, 0.840
-5, 1.022
-6, 1.301
-7, 1.518
-8, 1.959
-9, 2.246
-10, 2.441
-11, 2.749
-12, 2.966
-13, 3.218
-14, 3.442
-15, 3.666
-16, 3.890
-17, 4.093
-18, 4.338
-19, 4.513
-20, 4.793
-21, 4.968
-22, 5.206
-22, 5.409
-21, 5.605
-20, 5.661
-19, 5.689
-18, 5.640
-17, 5.500
-16, 5.311
-15, 5.185
-14, 5.010
-13, 4.723
-12, 4.527
-11, 4.295
-10, 3.974
-9, 3.757
-8, 3.589
-7, 3.379
-6, 3.155
-5, 3.015
-4, 2.707
-3, 2.358
-2, 2.085
-1, 1.833
0, 1.546
0, 1.350
1, 1.064
2, 1.001
3, 0.707
4, 0.525
5, 0.224
6, -0.195
7, -0.440
8, -0.657
9, -0.846
10, -1.105
11, -1.140
12, -1.426
13, -1.615
14, -1.909
15, -2.294
16, -2.378
17, -2.392
18, -2.504
19, -2.560
20, -2.728
21, -2.986
22, -3.168
22, -3.294
21, -3.721
20, -3.791
19, -3.791
18, -3.672
17, -3.357
16, -3.175
15, -3.042
14, -2.839
13, -2.567
12, -2.483
11, -2.287
10, -2.084
9, -1.930
8, -1.622
7, -1.441
6, -1.301
5, -1.049
4, -0.916
3, -0.636
2, -0.384
1, -0.104
0, 0.049
-1, 0.266
-2, 0.462
-3, 0.616
-4, 0.868
-5, 1.050
-6, 1.294
-7, 1.476
-8, 1.805
-9, 2.204
-10, 2.435
-11, 2.679
-12, 2.973
-13, 3.267
-14, 3.393
-15, 3.596
-16, 3.855
-17, 4.156
-18, 4.296
-19, 4.457
-20, 4.765
-21, 5.010
-22, 5.164
-22, 5.500
-21, 5.766
-20, 5.759
-19, 5.752
-18, 5.696
-17, 5.479
-16, 5.381
-15, 5.171
-14, 4.926
-13, 4.667
-12, 4.415
-11, 4.219
-10, 4.009
-9, 3.778
-8, 3.617
-7, 3.422
-6, 3.149
-5, 2.995
-4, 2.750
-3, 2.344
-2, 2.099
-1, 1.777
0, 1.477
0, 1.225
1, 0.973
2, 0.903
3, 0.679
4, 0.525
5, 0.224
6, -0.230
7, -0.510
8, -0.657
9, -0.853
10, -1.084
11, -1.237
12, -1.440
13, -1.580
14, -1.846
15, -2.168
16, -2.231
17, -2.398
18, -2.503
19, -2.629
20, -2.783
21, -3.035
22, -3.182
22, -3.364
21, -3.805
20, -3.812
19, -3.791
18, -3.763
17, -3.511
16, -3.280
15, -3.119
14, -2.944
13, -2.699
12, -2.559
11, -2.280
10, -2.077
9, -1.944
8, -1.727
7, -1.601
6, -1.426
5, -1.251
4, -1.090
3, -0.846
2, -0.608
1, -0.342
0, -0.098
-1, 0.141
-2, 0.371
-3, 0.588
-4, 0.763
-5, 0.945
-6, 1.232
-7, 1.476
-8, 1.833
-9, 2.134
-10, 2.330
-11, 2.679
-12, 2.931
-13, 3.162
-14, 3.365
-15, 3.589
-16, 3.862
-17, 4.135
-18, 4.317
-19, 4.625
-20, 4.884
-21, 5.136
-22, 5.276
-22, 5.472
-21, 5.689
-20, 5.738
-19, 5.773
-18, 5.668
-17, 5.493
-16, 5.339
-15, 5.080
-14, 4.891
-13, 4.618
-12, 4.450
-11, 4.247
-10, 4.009
-9, 3.806
-8, 3.582
-7, 3.442
-6, 3.163
-5, 2.939
-4, 2.575
-3, 2.260
-2, 2.043
-1, 1.778
0, 1.589
0, 1.316
1, 0.987
2, 0.924
3, 0.693
4, 0.497
5, 0.239
6, -0.132
7, -0.335
8, -0.538
9, -0.796
10, -1.020
11, -1.230
12, -1.447
13, -1.615
14, -1.832
15, -2.231
16, -2.273
17, -2.335
18, -2.510
19, -2.615
20, -2.825
21, -2.972
22, -3.084
22, -3.455
21, -3.826
20, -3.791
19, -3.784
18, -3.609
17, -3.287
16, -3.182
15, -3.077
14, -2.895
13, -2.580
12, -2.476
11, -2.343
10, -2.161
9, -1.979
8, -1.713
7, -1.538
6, -1.377
5, -1.111
4, -1.006
3, -0.685
2, -0.475
1, -0.293
0, -0.013
-1, 0.260
-2, 0.414
-3, 0.547
-4, 0.742
-5, 1.043
-6, 1.365
-7, 1.588
-8, 1.931
-9, 2.162
-10, 2.379
-11, 2.624
-12, 2.861
-13, 3.093
-14, 3.260
-15, 3.414
-16, 3.666
-17, 4.107
-18, 4.373
-19, 4.597
-20, 4.814
-21, 5.045
-22, 5.206
-22, 5.451
-21, 5.696
-20, 5.752
-19, 5.731
-18, 5.690
-17, 5.487
-16, 5.263
-15, 5.144
-14, 4.955
-13, 4.612
-12, 4.367
-11, 4.213
-10, 4.037
-9, 3.757
-8, 3.575
-7, 3.351
-6, 3.093
-5, 2.897
-4, 2.666
-3, 2.344
-2, 2.071
-1, 1.813
0, 1.540
0, 1.253
1, 1.099
2, 1.008
3, 0.771
4, 0.512
5, 0.267
6, -0.216
7, -0.496
8, -0.663
9, -0.887
10, -1.111
11, -1.265
12, -1.440
13, -1.678
14, -1.866
15, -2.097
16, -2.223
17, -2.314
18, -2.538
19, -2.664
20, -2.783
21, -2.937
22, -3.105
22, -3.259
21, -3.812
20, -3.818
19, -3.833
18, -3.756
17, -3.468
16, -3.293
15, -3.077
14, -2.860
13, -2.685
12, -2.559
11, -2.397
10, -2.202
9, -2.034
8, -1.719
7, -1.482
6, -1.293
5, -1.006
4, -0.922
3, -0.747
2, -0.601
1, -0.328
0, -0.104
-1, 0.155
-2, 0.406
-3, 0.567
-4, 0.749
-5, 1.078
-6, 1.399
-7, 1.651
-8, 1.994
-9, 2.190
-10, 2.435
-11, 2.575
-12, 2.771
-13, 3.072
-14, 3.352
-15, 3.576
-16, 3.828
-17, 4.108
-18, 4.220
-19, 4.499
-20, 4.773
-21, 5.045
-22, 5.234
-22, 5.465
-21, 5.647
-20, 5.669
-19, 5.683
-18, 5.690
-17, 5.543
-16, 5.389
-15, 5.242
-14, 4.969
-13, 4.745
-12, 4.409
-11, 4.198
-10, 3.968
-9, 3.807
-8, 3.590
-7, 3.373
-6, 3.094
-5, 2.919
-4, 2.715
-3, 2.344
-2, 2.023
-1, 1.841
0, 1.519
0, 1.323
1, 0.980
2, 0.896
3, 0.568
4, 0.428
5, 0.225
6, -0.138
7, -0.432
8, -0.635
9, -0.824
10, -1.062
11, -1.237
12, -1.411
13, -1.593
14, -1.866
15, -2.132
16, -2.300
17, -2.363
18, -2.531
19, -2.677
20, -2.901
21, -3.069
22, -3.153
22, -3.335
21, -3.769
20, -3.783
19, -3.790
18, -3.615
17, -3.315
16, -3.168
15, -3.084
14, -2.894
13, -2.705
12, -2.460
11, -2.250
10, -2.076
9, -1.894
8, -1.614
7, -1.418
6, -1.293
5, -1.048
4, -0.908
3, -0.712
2, -0.579
1, -0.264
0, -0.075
-1, 0.211
-2, 0.456
-3, 0.694
-4, 0.883
-5, 1.086
-6, 1.386
-7, 1.582
-8, 1.946
-9, 2.254
-10, 2.429
-11, 2.659
-12, 2.925
-13, 3.149
-14, 3.359
-15, 3.583
-16, 3.870
-17, 3.996
-18, 4.304
-19, 4.513
-20, 4.752
-21, 4.941
-22, 5.164
-22, 5.444
-21, 5.613
-20, 5.689
-19, 5.724
-18, 5.676
-17, 5.501
-16, 5.305
-15, 5.151
-14, 5.032
-13, 4.660
-12, 4.422
-11, 4.192
-10, 3.996
-9, 3.801
-8, 3.570
-7, 3.387
-6, 3.226
-5, 2.989
-4, 2.688
-3, 2.373
-2, 2.114
-1, 1.848
0, 1.568
0, 1.268
1, 1.030
2, 0.918
3, 0.673
4, 0.478
5, 0.247
6, -0.152
7, -0.453
8, -0.628
9, -0.880
10, -1.068
11, -1.208
12, -1.432
13, -1.628
14, -1.922
15, -2.195
16, -2.279
17, -2.356
18, -2.475
19, -2.650
20, -2.839
21, -2.985
22, -3.104
22, -3.336
21, -3.804
20, -3.825
19, -3.783
18, -3.776
17, -3.531
16, -3.272
15, -3.076
14, -2.845
13, -2.705
12, -2.551
11, -2.370
10, -2.202
9, -2.076
8, -1.762
7, -1.531
6, -1.328
5, -1.062
4, -0.866
3, -0.600
2, -0.404
1, -0.223
0, -0.083
-1, 0.099
-2, 0.316
-3, 0.533
-4, 0.890
-5, 1.078
-6, 1.281
-7, 1.595
-8, 1.883
-9, 2.163
-10, 2.414
-11, 2.673
-12, 2.925
-13, 3.177
-14, 3.387
-15, 3.618
-16, 3.849
-17, 4.128
-18, 4.303
-19, 4.471
-20, 4.779
-21, 5.046
-22, 5.242
-22, 5.508
-21, 5.683
-20, 5.746
-19, 5.746
-18, 5.690
-17, 5.529
-16, 5.319
-15, 5.193
-14, 4.941
-13, 4.661
-12, 4.423
-11, 4.220
-10, 4.003
-9, 3.814
-8, 3.541
-7, 3.359
-6, 3.149
-5, 2.953
-4, 2.666
-3, 2.302
-2, 2.037
-1, 1.785
0, 1.442
0, 1.260
1, 0.973
2, 0.889
3, 0.603
4, 0.449
5, 0.183
6, -0.202
7, -0.453
8, -0.698
9, -0.880
10, -1.076
11, -1.230
12, -1.440
13, -1.656
14, -1.908
15, -2.160
16, -2.251
17, -2.307
18, -2.447
19, -2.587
20, -2.839
21, -2.985
22, -3.042
22, -3.350
21, -3.797
20, -3.811
19, -3.797
18, -3.629
17, -3.329
16, -3.105
15, -3.014
14, -2.797
13, -2.496
12, -2.356
11, -2.160
10, -2.083
9, -1.922
8, -1.636
7, -1.439
6, -1.257
5, -0.999
4, -0.922
3, -0.656
2, -0.594
1, -0.335
0, -0.034
-1, 0.211
-2, 0.449
-3, 0.694
-4, 0.847
-5, 1.050
-6, 1.323
-7, 1.575
-8, 1.910
-9, 2.274
-10, 2.504
-11, 2.757
-12, 3.002
-13, 3.198
-14, 3.366
-15, 3.576
-16, 3.834
-17, 4.107
-18, 4.367
-19, 4.534
-20, 4.793
-21, 5.038
-22, 5.227
-22, 5.437
-21, 5.731
-20, 5.759
-19, 5.801
-18, 5.697
-17, 5.571
-16, 5.382
-15, 5.165
-14, 4.933
-13, 4.618
-12, 4.374
-11, 4.171
-10, 3.982
-9, 3.786
-8, 3.611
-7, 3.387
-6, 3.170
-5, 3.051
-4, 2.778
-3, 2.309
-2, 2.065
-1, 1.869
0, 1.603
0, 1.253
1, 1.015
2, 0.980
3, 0.721
4, 0.470
5, 0.183
6, -0.181
7, -0.356
8, -0.594
9, -0.768
10, -1.041
11, -1.216
12, -1.377
13, -1.621
14, -1.845
15, -2.146
16, -2.251
17, -2.342
18, -2.419
19, -2.559
20, -2.776
21, -3.000
22, -3.105
22, -3.266
21, -3.672
20, -3.727
19, -3.741
18, -3.580
17, -3.251
16, -3.119
15, -3.007
14, -2.867
13, -2.664
12, -2.510
11, -2.258
10, -2.139
9, -2.034
8, -1.705
7, -1.531
6, -1.363
5, -1.111
4, -0.887
3, -0.712
2, -0.558
1, -0.335
0, -0.006
-1, 0.245
-2, 0.441
-3, 0.623
-4, 0.799
-5, 1.022
-6, 1.267
-7, 1.582
-8, 1.974
-9, 2.191
-10, 2.470
-11, 2.687
-12, 2.890
-13, 3.205
-14, 3.331
-15, 3.618
-16, 3.828
-17, 4.087
-18, 4.276
-19, 4.577
-20, 4.801
-21, 5.025
-22, 5.228
-22, 5.480
-21, 5.697
-20, 5.774
-19, 5.732
-18, 5.662
-17, 5.515
-16, 5.284
-15, 5.102
-14, 4.906
-13, 4.654
-12, 4.388
-11, 4.227
-10, 4.024
-9, 3.841
-8, 3.583
-7, 3.471
-6, 3.079
-5, 2.862
-4, 2.652
-3, 2.323
-2, 2.065
-1, 1.785
0, 1.540
0, 1.295
1, 1.135
2, 1.065
3, 0.722
4, 0.589
5, 0.232
6, -0.174
7, -0.362
8, -0.600
9, -0.866
10, -1.069
11, -1.258
12, -1.446
13, -1.635
14, -1.894
15, -2.293
16, -2.370
17, -2.349
18, -2.468
19, -2.593
20, -2.754
21, -2.985
22, -3.111
22, -3.244
21, -3.755
20, -3.734
19, -3.734
18, -3.594
17, -3.293
16, -3.216
15, -3.083
14, -2.845
13, -2.677
12, -2.586
11, -2.369
10, -2.145
9, -2.026
8, -1.711
7, -1.495
6, -1.209
5, -0.992
4, -0.978
3, -0.789
2, -0.671
1, -0.384
0, -0.061
-1, 0.204
-2, 0.491
-3, 0.617
-4, 0.729
-5, 0.925
-6, 1.156
-7, 1.330
-8, 1.764
-9, 2.148
-10, 2.344
-11, 2.625
-12, 2.883
-13, 3.100
-14, 3.310
-15, 3.576
-16, 3.821
-17, 4.143
-18, 4.255
-19, 4.528
-20, 4.871
-21, 5.066
-22, 5.235
-22, 5.550
-21, 5.676
-20, 5.732
-19, 5.690
-18, 5.627
-17, 5.516
-16, 5.299
-15, 5.166
-14, 4.906
-13, 4.577
-12, 4.402
-11, 4.269
-10, 4.004
-9, 3.787
-8, 3.584
-7, 3.325
-6, 3.003
-5, 2.849
-4, 2.583
-3, 2.289
-2, 2.037
-1, 1.779
0, 1.541
0, 1.247
1, 1.009
2, 0.911
3, 0.624
4, 0.492
5, 0.254
6, -0.187
7, -0.446
8, -0.641
9, -0.837
10, -1.110
11, -1.271
12, -1.481
13, -1.635
14, -1.943
15, -2.300
16, -2.299
17, -2.348
18, -2.376
19, -2.558
20, -2.747
21, -2.978
22, -3.104
22, -3.223
21, -3.831
20, -3.831
19, -3.804
18, -3.762
17, -3.545
16, -3.307
15, -3.055
14, -2.846
13, -2.663
12, -2.502
11, -2.216
10, -2.083
9, -1.956
8, -1.642
7, -1.509
6, -1.348
5, -1.040
4, -0.929
3, -0.685
2, -0.509
1, -0.222
0, 0.009
-1, 0.233
-2, 0.422
-3, 0.561
-4, 0.813
-5, 1.058
-6, 1.317
-7, 1.450
-8, 1.722
-9, 2.016
-10, 2.212
-11, 2.687
-12, 2.911
-13, 3.149
-14, 3.317
-15, 3.583
-16, 3.786
-17, 4.045
-18, 4.206
-19, 4.506
-20, 4.731
-21, 4.962
-22, 5.186
-22, 5.403
-21, 5.683
-20, 5.697
-19, 5.753
-18, 5.676
-17, 5.564
-16, 5.243
-15, 5.173
-14, 4.977
-13, 4.655
-12, 4.402
-11, 4.228
-10, 3.969
-9, 3.752
-8, 3.506
-7, 3.366
-6, 3.100
-5, 2.891
-4, 2.554
-3, 2.296
-2, 2.094
-1, 1.821
0, 1.527
0, 1.296
1, 1.016
2, 0.960
3, 0.785
4, 0.590
5, 0.212
6, -0.117
7, -0.439
8, -0.670
9, -0.809
10, -1.054
11, -1.187
12, -1.397
13, -1.593
14, -1.886
15, -2.103
16, -2.270
17, -2.383
18, -2.537
19, -2.627
20, -2.809
21, -3.033
22, -3.145
22, -3.306
21, -3.824
20, -3.803
19, -3.761
18, -3.607
17, -3.293
16, -3.167
15, -3.041
14, -2.810
13, -2.572
12, -2.447
11, -2.278
10, -2.153
9, -1.992
8, -1.699
7, -1.531
6, -1.279
5, -0.999
4, -0.886
3, -0.690
2, -0.487
1, -0.306
0, -0.089
-1, 0.184
-2, 0.380
-3, 0.554
-4, 0.834
-5, 1.016
-6, 1.338
-7, 1.527
-8, 1.891
-9, 2.080
-10, 2.296
-11, 2.597
-12, 2.870
-13, 3.121
-14, 3.318
-15, 3.591
-16, 3.786
-17, 4.053
-18, 4.297
-19, 4.458
-20, 4.696
-21, 4.878
-22, 5.159
-22, 5.480
-21, 5.676
-20, 5.725
-19, 5.732
-18, 5.670
-17, 5.529
-16, 5.277
-15, 5.117
-14, 4.914
-13, 4.690
-12, 4.382
-11, 4.207
-10, 4.004
-9, 3.815
-8, 3.578
-7, 3.389
-6, 3.171
-5, 2.940
-4, 2.590
-3, 2.233
-2, 2.038
-1, 1.814
0, 1.576
0, 1.226
1, 1.023
2, 0.946
3, 0.673
4, 0.541
5, 0.282
6, -0.158
7, -0.466
8, -0.641
9, -0.823
10, -1.054
11, -1.235
12, -1.368
13, -1.599
14, -1.816
15, -2.096
16, -2.285
17, -2.390
18, -2.536
19, -2.655
20, -2.781
21, -2.977
22, -3.117
22, -3.292
21, -3.684
20, -3.740
19, -3.761
18, -3.803
17, -3.579
16, -3.418
15, -3.152
14, -2.922
13, -2.670
12, -2.474
11, -2.278
10, -2.124
9, -2.019
8, -1.712
7, -1.537
6, -1.355
5, -1.104
4, -0.880
3, -0.747
2, -0.656
1, -0.341
0, -0.082
-1, 0.128
-2, 0.316
-3, 0.470
-4, 0.736
-5, 0.995
-6, 1.254
-7, 1.533
-8, 1.813
-9, 2.044
-10, 2.324
-11, 2.589
-12, 2.841
-13, 3.150
-14, 3.324
-15, 3.527
-16, 3.765
-17, 4.136
-18, 4.374
-19, 4.549
-20, 4.829
-21, 5.059
-22, 5.284
-22, 5.535
-21, 5.648
-20, 5.747
-19, 5.754
-18, 5.698
-17, 5.579
-16, 5.390
-15, 5.172
-14, 4.928
-13, 4.697
-12, 4.459
-11, 4.214
-10, 3.982
-9, 3.807
-8, 3.583
-7, 3.394
-6, 3.093
-5, 2.855
-4, 2.680
-3, 2.359
-2, 2.045
-1, 1.779
0, 1.457
0, 1.247
1, 1.031
2, 0.996
3, 0.786
4, 0.555
5, 0.254
6, -0.180
7, -0.474
8, -0.641
9, -0.921
10, -1.138
11, -1.264
12, -1.488
13, -1.669
14, -1.837
15, -2.194
16, -2.285
17, -2.369
18, -2.502
19, -2.607
20, -2.746
21, -3.012
22, -3.054
22, -3.271
21, -3.720
20, -3.790
19, -3.818
18, -3.727
17, -3.489
16, -3.237
15, -3.048
14, -2.838
13, -2.558
12, -2.411
11, -2.201
10, -2.033
9, -1.852
8, -1.565
7, -1.383
6, -1.181
5, -0.901
4, -0.705
3, -0.606
2, -0.424
1, -0.145
0, 0.065
-1, 0.247
-2, 0.373
-3, 0.471
-4, 0.792
-5, 0.967
-6, 1.219
-7, 1.394
-8, 1.757
-9, 2.142
-10, 2.436
-11, 2.736
-12, 2.953
-13, 3.149
-14, 3.331
-15, 3.548
-16, 3.849
-17, 4.164
-18, 4.311
-19, 4.542
-20, 4.766
-21, 5.039
-22, 5.256
-22, 5.522
-21, 5.726
-20, 5.746
-19, 5.753
-18, 5.662
-17, 5.516
-16, 5.368
-15, 5.130
-14, 4.955
-13, 4.682
-12, 4.381
-11, 4.151
-10, 3.969
-9, 3.794
-8, 3.618
-7, 3.339
-6, 3.074
-5, 2.913
-4, 2.640
-3, 2.395
-2, 2.199
-1, 1.883
0, 1.562
0, 1.240
1, 1.093
2, 0.988
3, 0.736
4, 0.547
5, 0.310
6, -0.159
7, -0.438
8, -0.627
9, -0.830
10, -1.047
11, -1.187
12, -1.467
13, -1.677
14, -1.893
15, -2.124
16, -2.270
17, -2.397
18, -2.453
19, -2.586
20, -2.733
21, -2.971
22, -3.103
22, -3.327
21, -3.817
20, -3.796
19, -3.754
18, -3.804
17, -3.468
16, -3.216
15, -3.027
14, -2.851
13, -2.704
12, -2.599
11, -2.397
10, -2.152
9, -1.963
8, -1.648
7, -1.473
6, -1.341
5, -1.138
4, -1.012
3, -0.809
2, -0.606
1, -0.222
0, 0.023
-1, 0.247
-2, 0.422
-3, 0.604
-4, 0.785
-5, 1.002
-6, 1.198
-7, 1.373
-8, 1.757
-9, 2.199
-10, 2.429
-11, 2.660
-12, 2.877
-13, 3.052
-14, 3.269
-15, 3.584
-16, 3.801
-17, 4.074
-18, 4.305
-19, 4.501
-20, 4.809
-21, 5.116
-22, 5.263
-22, 5.522
-21, 5.712
-20, 5.725
-19, 5.711
-18, 5.648
-17, 5.502
-16, 5.355
-15, 5.173
-14, 4.928
-13, 4.711
-12, 4.354
-11, 4.207
-10, 3.990
-9, 3.815
-8, 3.598
-7, 3.395
-6, 3.156
-5, 3.002
-4, 2.702
-3, 2.311
-2, 2.017
-1, 1.765
0, 1.437
0, 1.220
1, 1.073
2, 1.010
3, 0.737
4, 0.548
5, 0.261
6, -0.151
7, -0.334
8, -0.550
9, -0.823
10, -1.082
11, -1.201
12, -1.439
13, -1.627
14, -1.851
15, -2.145
16, -2.292
17, -2.397
18, -2.536
19, -2.718
20, -2.900
21, -3.026
22, -3.117
22, -3.376
21, -3.824
20, -3.796
19, -3.810
18, -3.671
17, -3.328
16, -3.195
15, -3.089
14, -2.964
13, -2.810
12, -2.593
11, -2.320
10, -2.110
9, -1.929
8, -1.593
7, -1.446
6, -1.285
5, -0.970
4, -0.852
3, -0.677
2, -0.578
1, -0.249
0, -0.012
-1, 0.191
-2, 0.352
-3, 0.498
-4, 0.813
-5, 1.023
-6, 1.331
-7, 1.519
-8, 1.869
-9, 2.212
-10, 2.520
-11, 2.779
-12, 2.968
-13, 3.198
-14, 3.415
-15, 3.611
-16, 3.808
-17, 4.144
-18, 4.381
-19, 4.585
-20, 4.830
-21, 5.046
-22, 5.277
-22, 5.508
-21, 5.682
-20, 5.683
-19, 5.732
-18, 5.676
-17, 5.543
-16, 5.327
-15, 5.138
-14, 4.928
-13, 4.690
-12, 4.353
-11, 4.123
-10, 3.948
-9, 3.786
-8, 3.554
-7, 3.366
-6, 3.143
-5, 3.017
-4, 2.737
-3, 2.289
-2, 2.017
-1, 1.772
0, 1.527
0, 1.261
1, 1.044
2, 0.939
3, 0.709
4, 0.499
5, 0.261
6, -0.221
7, -0.515
8, -0.739
9, -0.956
10, -1.138
11, -1.312
12, -1.466
13, -1.676
14, -1.921
15, -2.187
16, -2.236
17, -2.306
18, -2.467
19, -2.600
20, -2.768
21, -3.006
22, -3.110
22, -3.299
21, -3.733
20, -3.774
19, -3.768
18, -3.607
17, -3.418
16, -3.174
15, -3.055
14, -2.796
13, -2.600
12, -2.488
11, -2.292
10, -2.090
9, -1.859
8, -1.670
7, -1.523
6, -1.362
5, -1.034
4, -0.845
3, -0.642
2, -0.537
1, -0.306
0, -0.096
-1, 0.135
-2, 0.338
-3, 0.526
-4, 0.764
-5, 1.016
-6, 1.274
-7, 1.498
-8, 1.855
-9, 2.143
-10, 2.423
-11, 2.661
-12, 2.884
-13, 3.185
-14, 3.332
-15, 3.605
-16, 3.829
-17, 4.172
-18, 4.361
-19, 4.487
-20, 4.795
-21, 5.033
-22, 5.236
-22, 5.516
-21, 5.733
-20, 5.754
-19, 5.739
-18, 5.663
-17, 5.572
-16, 5.340
-15, 5.243
-14, 4.949
-13, 4.626
-12, 4.304
-11, 4.165
-10, 3.935
-9, 3.774
-8, 3.599
-7, 3.431
-6, 3.186
-5, 2.976
-4, 2.667
-3, 2.303
-2, 2.072
-1, 1.835
0, 1.542
0, 1.262
1, 1.017
2, 0.989
3, 0.646
4, 0.450
5, 0.143
6, -0.214
7, -0.417
8, -0.648
9, -0.830
10, -1.102
11, -1.249
12, -1.487
13, -1.648
14, -1.886
15, -2.194
16, -2.285
17, -2.383
18, -2.523
19, -2.634
20, -2.732
21, -3.046
22, -3.123
22, -3.326
21, -3.732
20, -3.753
19, -3.816
18, -3.740
17, -3.482
16, -3.271
15, -3.104
14, -2.873
13, -2.642
12, -2.509
11, -2.284
10, -2.109
9, -1.969
8, -1.662
7, -1.453
6, -1.396
5, -1.081
4, -0.900
3, -0.641
2, -0.438
1, -0.319
0, -0.081
-1, 0.171
-2, 0.366
-3, 0.519
-4, 0.863
-5, 1.045
-6, 1.213
-7, 1.471
-8, 1.835
-9, 2.183
-10, 2.463
-11, 2.709
-12, 2.954
-13, 3.143
-14, 3.297
-15, 3.528
-16, 3.815
-17, 4.123
-18, 4.263
-19, 4.528
-20, 4.788
-21, 5.048
-22, 5.214
-22, 5.508
-21, 5.705
-20, 5.712
-19, 5.691
-18, 5.635
-17, 5.502
-16, 5.376
-15, 5.173
-14, 4.942
-13, 4.697
-12, 4.424
-11, 4.277
-10, 4.005
-9, 3.780
-8, 3.592
-7, 3.375
-6, 3.060
-5, 2.856
-4, 2.577
-3, 2.290
-2, 2.011
-1, 1.745
0, 1.451
0, 1.171
1, 0.961
2, 0.905
3, 0.730
4, 0.499
5, 0.226
6, -0.242
7, -0.501
8, -0.682
9, -0.858
10, -1.109
11, -1.228
12, -1.459
13, -1.599
14, -1.879
15, -2.194
16, -2.263
17, -2.375
18, -2.473
19, -2.621
20, -2.823
21, -3.041
22, -3.153
22, -3.320
21, -3.809
20, -3.810
19, -3.768
18, -3.607
17, -3.250
16, -3.202
15, -3.125
14, -2.914
13, -2.579
12, -2.537
11, -2.327
10, -2.145
9, -1.984
8, -1.641
7, -1.460
6, -1.334
5, -1.152
4, -1.054
3, -0.767
2, -0.564
1, -0.243
0, -0.026
-1, 0.275
-2, 0.450
-3, 0.715
-4, 0.876
-5, 1.031
-6, 1.408
-7, 1.611
-8, 1.954
-9, 2.248
-10, 2.423
-11, 2.702
-12, 3.003
-13, 3.269
-14, 3.430
-15, 3.668
-16, 3.899
-17, 4.053
-18, 4.263
-19, 4.404
-20, 4.732
-21, 4.991
-22, 5.235
-22, 5.425
-21, 5.634
-20, 5.705
-19, 5.733
-18, 5.663
-17, 5.522
-16, 5.305
-15, 5.138
-14, 4.949
-13, 4.739
-12, 4.368
-11, 4.150
-10, 3.962
-9, 3.745
-8, 3.557
-7, 3.368
-6, 3.200
-5, 3.046
-4, 2.780
-3, 2.388
-2, 2.087
-1, 1.870
0, 1.604
0, 1.373
1, 1.093
2, 1.017
3, 0.681
4, 0.499
5, 0.199
6, -0.095
7, -0.389
8, -0.634
9, -0.837
10, -1.075
11, -1.235
12, -1.382
13, -1.620
14, -1.886
15, -2.131
16, -2.257
17, -2.340
18, -2.508
19, -2.746
20, -2.871
21, -3.032
22, -3.130
22, -3.431
21, -3.767
20, -3.795
19, -3.782
18, -3.621
17, -3.377
16, -3.215
15, -3.089
14, -2.816
13, -2.558
12, -2.390
11, -2.313
10, -2.194
9, -2.068
8, -1.747
7, -1.495
6, -1.438
5, -1.255
4, -1.150
3, -0.836
2, -0.612
1, -0.340
0, -0.088
-1, 0.227
-2, 0.401
-3, 0.611
-4, 0.835
-5, 1.114
-6, 1.338
-7, 1.527
-8, 1.988
-9, 2.239
-10, 2.449
-11, 2.751
-12, 2.961
-13, 3.184
-14, 3.366
-15, 3.611
-16, 3.878
-17, 4.115
-18, 4.317
-19, 4.464
-20, 4.801
-21, 4.970
-22, 5.270
-22, 5.494
-21, 5.677
-20, 5.739
-19, 5.733
-18, 5.663
-17, 5.495
-16, 5.222
-15, 5.124
-14, 4.893
-13, 4.620
-12, 4.431
-11, 4.187
-10, 3.963
-9, 3.767
-8, 3.585
-7, 3.382
-6, 3.193
-5, 2.955
-4, 2.634
-3, 2.339
-2, 2.121
-1, 1.808
0, 1.605
0, 1.262
1, 1.101
2, 0.982
3, 0.723
4, 0.507
5, 0.220
6, -0.130
7, -0.417
8, -0.620
9, -0.871
10, -1.074
11, -1.179
12, -1.403
13, -1.584
14, -1.836
15, -2.173
16, -2.284
17, -2.389
18, -2.494
19, -2.654
20, -2.822
21, -3.081
22, -3.173
22, -3.271
21, -3.795
20, -3.761
19, -3.754
18, -3.733
17, -3.502
16, -3.355
15, -3.117
14, -2.886
13, -2.726
12, -2.592
11, -2.410
10, -2.172
9, -1.941
8, -1.655
7, -1.528
6, -1.374
5, -1.012
4, -0.921
3, -0.648
2, -0.550
1, -0.243
0, 0.015
-1, 0.282
-2, 0.401
-3, 0.730
-4, 0.898
-5, 1.052
-6, 1.289
-7, 1.541
-8, 1.982
-9, 2.199
-10, 2.485
-11, 2.689
-12, 2.905
-13, 3.226
-14, 3.415
-15, 3.625
-16, 3.926
-17, 4.094
-18, 4.290
-19, 4.451
-20, 4.788
-21, 5.004
-22, 5.277
-22, 5.537
-21, 5.732
-20, 5.746
-19, 5.747
-18, 5.663
-17, 5.495
-16, 5.222
-15, 5.118
-14, 4.928
-13, 4.704
-12, 4.374
-11, 4.150
-10, 3.976
-9, 3.822
-8, 3.640
-7, 3.438
-6, 3.193
-5, 3.018
-4, 2.724
-3, 2.319
-2, 1.997
-1, 1.773
0, 1.549
0, 1.297
1, 1.031
2, 0.968
3, 0.654
4, 0.479
5, 0.150
6, -0.214
7, -0.375
8, -0.549
9, -0.801
10, -1.018
11, -1.144
12, -1.375
13, -1.542
14, -1.850
15, -2.053
16, -2.228
17, -2.326
18, -2.431
19, -2.551
20, -2.754
21, -2.943
22, -3.110
22, -3.264
21, -3.788
20, -3.788
19, -3.761
18, -3.579
17, -3.230
16, -3.160
15, -3.069
14, -2.936
13, -2.747
12, -2.599
11, -2.390
10, -2.216
9, -1.992
8, -1.711
7, -1.480
6, -1.355
5, -1.061
4, -0.927
3, -0.514
2, -0.347
1, -0.228
0, -0.061
-1, 0.240
-2, 0.458
-3, 0.576
-4, 0.855
-5, 1.037
-6, 1.289
-7, 1.548
-8, 1.891
-9, 2.290
-10, 2.527
-11, 2.709
-12, 2.933
-13, 3.185
-14, 3.374
-15, 3.591
-16, 3.844
-17, 4.116
-18, 4.375
-19, 4.605
-20, 4.808
-21, 5.039
-22, 5.298
-22, 5.551
-21, 5.753
-20, 5.761
-19, 5.733
-18, 5.649
-17, 5.475
-16, 5.328
-15, 5.194
-14, 4.949
-13, 4.564
-12, 4.418
-11, 4.208
-10, 3.998
-9, 3.802
-8, 3.593
-7, 3.333
-6, 3.025
-5, 2.857
-4, 2.591
-3, 2.284
-2, 2.067
-1, 1.800
0, 1.521
0, 1.325
1, 1.073
2, 0.996
3, 0.723
4, 0.499
5, 0.198
6, -0.207
7, -0.459
8, -0.599
9, -0.865
10, -1.109
11, -1.228
12, -1.410
13, -1.613
14, -1.850
15, -2.179
16, -2.270
17, -2.375
18, -2.473
19, -2.683
20, -2.831
21, -3.012
22, -3.146
22, -3.285
21, -3.775
20, -3.782
19, -3.768
18, -3.774
17, -3.543
16, -3.298
15, -3.152
14, -2.892
13, -2.682
12, -2.556
11, -2.353
10, -2.123
9, -1.893
8, -1.628
7, -1.397
6, -1.216
5, -0.943
4, -0.747
3, -0.467
2, -0.396
1, -0.277
0, -0.074
-1, 0.184
-2, 0.394
-3, 0.589
-4, 0.884
-5, 1.080
-6, 1.332
-7, 1.563
-8, 1.877
-9, 2.122
-10, 2.458
-11, 2.619
-12, 2.836
-13, 3.116
-14, 3.298
-15, 3.564
-16, 3.767
-17, 4.054
-18, 4.229
-19, 4.585
-20, 4.879
-21, 5.069
-22, 5.273
-22, 5.517
-21, 5.748
-20, 5.832
-19, 5.810
-18, 5.699
-17, 5.537
-16, 5.315
-15, 5.182
-14, 4.965
-13, 4.692
-12, 4.348
-11, 4.167
-10, 3.872
-9, 3.683
-8, 3.571
-7, 3.354
-6, 3.172
-5, 2.983
-4, 2.655
-3, 2.333
-2, 2.046
-1, 1.878
0, 1.536
0, 1.277
1, 0.983
2, 0.913
3, 0.605
4, 0.459
5, 0.144
6, -0.192
7, -0.430
8, -0.626
9, -0.857
10, -1.088
11, -1.283
12, -1.500
13, -1.682
14, -1.927
15, -2.172
16, -2.291
17, -2.381
18, -2.542
19, -2.730
20, -2.856
21, -3.088
22, -3.171
22, -3.346
21, -3.787
20, -3.774
19, -3.767
18, -3.767
17, -3.494
16, -3.361
15, -3.166
14, -2.948
13, -2.661
12, -2.549
11, -2.368
10, -2.221
9, -2.053
8, -1.760
7, -1.453
6, -1.236
5, -1.025
4, -0.927
3, -0.745
2, -0.514
1, -0.165
0, 0.080
-1, 0.290
-2, 0.478
-3, 0.654
-4, 0.913
-5, 1.157
-6, 1.416
-7, 1.605
-8, 1.891
-9, 2.241
-10, 2.430
-11, 2.689
-12, 2.912
-13, 3.094
-14, 3.353
-15, 3.557
-16, 3.864
-17, 4.088
-18, 4.242
-19, 4.564
-20, 4.781
-21, 4.970
-22, 5.201
-22, 5.474
-21, 5.635
-20, 5.677
-19, 5.705
-18, 5.671
-17, 5.538
-16, 5.300
-15, 5.152
-14, 4.992
-13, 4.669
-12, 4.438
-11, 4.201
-10, 3.956
-9, 3.704
-8, 3.522
-7, 3.347
-6, 3.074
-5, 2.907
-4, 2.690
-3, 2.438
-2, 2.137
-1, 1.780
0, 1.528
0, 1.249
1, 1.039
2, 0.983
3, 0.668
4, 0.486
5, 0.185
6, -0.130
7, -0.417
8, -0.584
9, -0.843
10, -1.067
11, -1.276
12, -1.500
13, -1.669
14, -1.892
15, -2.347
16, -2.326
17, -2.396
18, -2.473
19, -2.648
20, -2.859
21, -3.048
22, -3.138
22, -3.418
21, -3.852
20, -3.810
19, -3.754
18, -3.733
17, -3.488
16, -3.342
15, -3.237
14, -2.957
13, -2.733
12, -2.551
11, -2.250
10, -1.977
9, -1.830
8, -1.592
7, -1.424
6, -1.235
5, -1.018
4, -0.913
3, -0.675
2, -0.479
1, -0.242
0, -0.130
-1, 0.220
-2, 0.443
-3, 0.639
-4, 0.828
-5, 1.114
-6, 1.373
-7, 1.666
-8, 1.940
-9, 2.254
-10, 2.436
-11, 2.625
-12, 2.912
-13, 3.269
-14, 3.416
-15, 3.604
-16, 3.857
-17, 4.136
-18, 4.241
-19, 4.487
-20, 4.781
-21, 5.026
-22, 5.222
-22, 5.487
-21, 5.718
-20, 5.782
-19, 5.803
-18, 5.691
-17, 5.530
-16, 5.348
-15, 5.138
-14, 4.914
-13, 4.619
-12, 4.423
-11, 4.143
-10, 3.857
-9, 3.739
-8, 3.544
-7, 3.355
-6, 3.118
-5, 2.900
-4, 2.620
-3, 2.326
-2, 2.073
-1, 1.863
0, 1.570
0, 1.304
1, 1.038
2, 0.967
3, 0.702
4, 0.625
5, 0.227
6, -0.180
7, -0.369
8, -0.536
9, -0.774
10, -1.075
11, -1.242
12, -1.459
13, -1.662
14, -1.907
15, -2.103
16, -2.257
17, -2.312
18, -2.473
19, -2.585
20, -2.766
21, -2.969
22, -3.137
22, -3.354
21, -3.782
20, -3.817
19, -3.824
18, -3.692
17, -3.355
16, -3.285
15, -3.166
14, -2.949
13, -2.733
12, -2.488
11, -2.376
10, -2.201
9, -2.033
8, -1.781
7, -1.543
6, -1.362
5, -1.110
4, -0.935
3, -0.669
2, -0.488
1, -0.187
0, 0.043
-1, 0.288
-2, 0.373
-3, 0.582
-4, 0.729
-5, 0.981
-6, 1.436
-7, 1.618
-8, 1.961
-9, 2.157
-10, 2.451
-11, 2.688
-12, 2.877
-13, 3.157
-14, 3.416
-15, 3.598
-16, 3.835
-17, 4.137
-18, 4.284
-19, 4.508
-20, 4.794
-21, 5.096
-22, 5.264
-22, 5.501
-21, 5.733
-20, 5.746
-19, 5.739
-18, 5.684
-17, 5.488
-16, 5.320
-15, 5.187
-14, 4.970
-13, 4.648
-12, 4.424
-11, 4.193
-10, 3.956
-9, 3.759
-8, 3.578
-7, 3.376
-6, 3.179
-5, 2.976
-4, 2.703
-3, 2.325
-2, 2.073
-1, 1.807
0, 1.583
0, 1.304
1, 1.059
2, 0.982
3, 0.702
4, 0.604
5, 0.269
6, -0.179
7, -0.368
8, -0.620
9, -0.879
10, -1.103
11, -1.271
12, -1.488
13, -1.683
14, -1.851
15, -2.166
16, -2.285
17, -2.382
18, -2.480
19, -2.607
20, -2.788
21, -2.914
22, -3.019
22, -3.152
21, -3.670
20, -3.712
19, -3.796
18, -3.684
17, -3.362
16, -3.187
15, -3.110
14, -2.915
13, -2.642
12, -2.550
11, -2.319
10, -2.145
9, -1.942
8, -1.711
7, -1.600
6, -1.397
5, -1.124
4, -0.928
3, -0.635
2, -0.474
1, -0.320
0, -0.068
-1, 0.177
-2, 0.408
-3, 0.653
-4, 0.863
-5, 1.058
-6, 1.324
-7, 1.534
-8, 1.897
-9, 2.121
-10, 2.415
-11, 2.610
-12, 2.855
-13, 3.136
-14, 3.381
-15, 3.654
-16, 3.864
-17, 4.165
-18, 4.381
-19, 4.620
-20, 4.878
-21, 5.095
-22, 5.193
-22, 5.536
-21, 5.698
-20, 5.711
-19, 5.711
-18, 5.677
-17, 5.544
-16, 5.326
-15, 5.110
-14, 5.004
-13, 4.710
-12, 4.417
-11, 4.263
-10, 4.004
-9, 3.801
-8, 3.591
-7, 3.388
-6, 3.108
-5, 2.961
-4, 2.583
-3, 2.254
-2, 2.017
-1, 1.807
0, 1.534
0, 1.311
1, 1.045
2, 0.989
3, 0.660
4, 0.458
5, 0.198
6, -0.159
7, -0.354
8, -0.641
9, -0.823
10, -1.039
11, -1.194
12, -1.452
13, -1.655
14, -1.935
15, -2.187
16, -2.313
17, -2.383
18, -2.544
19, -2.671
20, -2.852
21, -2.999
22, -3.097
22, -3.257
21, -3.797
20, -3.810
19, -3.747
18, -3.573
17, -3.271
16, -3.153
15, -3.090
14, -2.873
13, -2.614
12, -2.607
11, -2.362
10, -2.180
9, -1.985
8, -1.684
7, -1.466
6, -1.312
5, -1.060
4, -0.885
3, -0.627
2, -0.501
1, -0.270
0, 0.023
-1, 0.219
-2, 0.407
-3, 0.547
-4, 0.778
-5, 1.100
-6, 1.330
-7, 1.582
-8, 1.870
-9, 2.170
-10, 2.401
-11, 2.709
-12, 3.009
-13, 3.156
-14, 3.345
-15, 3.597
-16, 3.898
-17, 4.129
-18, 4.227
-19, 4.542
-20, 4.822
-21, 5.074
-22, 5.264
-22, 5.537
-21, 5.768
-20, 5.775
-19, 5.739
-18, 5.670
-17, 5.530
-16, 5.314
-15, 5.138
-14, 4.963
-13, 4.669
-12, 4.374
-11, 4.165
-10, 4.031
-9, 3.800
-8, 3.654
-7, 3.444
-6, 3.164
-5, 2.927
-4, 2.738
-3, 2.319
-2, 2.052
-1, 1.814
0, 1.527
0, 1.283
1, 1.157
2, 1.052
3, 0.723
4, 0.520
5, 0.198
6, -0.138
7, -0.327
8, -0.508
9, -0.711
10, -1.061
11, -1.222
12, -1.446
13, -1.691
14, -1.865
15, -2.187
16, -2.243
17, -2.327
18, -2.508
19, -2.731
20, -2.858
21, -3.054
22, -3.137
22, -3.389
21, -3.760
20, -3.781
19, -3.768
18, -3.642
17, -3.334
16, -3.243
15, -3.089
14, -2.928
13, -2.698
12, -2.552
11, -2.279
10, -2.125
9, -2.089
8, -1.838
7, -1.565
6, -1.410
5, -1.117
4, -0.956
3, -0.592
2, -0.424
1, -0.124
0, 0.114
-1, 0.240
-2, 0.422
-3, 0.548
-4, 0.841
-5, 1.220
-6, 1.430
-7, 1.646
-8, 1.960
-9, 2.079
-10, 2.268
-11, 2.590
-12, 2.954
-13, 3.163
-14, 3.387
-15, 3.646
-16, 3.821
-17, 4.066
-18, 4.381
-19, 4.599
-20, 4.829
-21, 5.017
-22, 5.199
-22, 5.458
-21, 5.704
-20, 5.704
-19, 5.697
-18, 5.663
-17, 5.537
-16, 5.376
-15, 5.229
-14, 4.893
-13, 4.606
-12, 4.369
-11, 4.201
-10, 3.983
-9, 3.815
-8, 3.646
-7, 3.451
-6, 3.136
-5, 2.905
-4, 2.646
-3, 2.318
-2, 2.045
-1, 1.877
0, 1.583
0, 1.325
1, 1.073
2, 1.003
3, 0.709
4, 0.514
5, 0.199
6, -0.151
7, -0.305
8, -0.585
9, -0.816
10, -1.039
11, -1.152
12, -1.404
13, -1.648
14, -1.899
15, -2.194
16, -2.327
17, -2.376
18, -2.487
19, -2.642
20, -2.781
21, -2.998
22, -3.110
22, -3.488
21, -3.753
20, -3.831
19, -3.824
18, -3.635
17, -3.335
16, -3.251
15, -3.026
14, -2.879
13, -2.656
12, -2.524
11, -2.321
10, -2.118
9, -1.950
8, -1.698
7, -1.559
6, -1.453
5, -1.215
4, -1.061
3, -0.795
2, -0.488
1, -0.333
0, -0.110
-1, 0.170
-2, 0.422
-3, 0.562
-4, 0.876
-5, 1.135
-6, 1.352
-7, 1.590
-8, 1.947
-9, 2.226
-10, 2.520
-11, 2.856
-12, 3.017
-13, 3.248
-14, 3.415
-15, 3.611
-16, 3.870
-17, 4.052
-18, 4.359
-19, 4.563
-20, 4.822
-21, 5.053
-22, 5.241
-22, 5.493
-21, 5.676
-20, 5.696
-19, 5.732
-18, 5.683
-17, 5.558
-16, 5.299
-15, 5.123
-14, 4.899
-13, 4.633
-12, 4.395
-11, 4.206
-10, 4.024
-9, 3.744
-8, 3.527
-7, 3.374
-6, 3.122
-5, 2.870
-4, 2.625
-3, 2.276
-2, 2.066
-1, 1.814
0, 1.562
0, 1.289
1, 1.052
2, 0.954
3, 0.737
4, 0.513
5, 0.254
6, -0.151
7, -0.403
8, -0.606
9, -0.808
10, -1.053
11, -1.263
12, -1.501
13, -1.732
14, -1.921
15, -2.180
16, -2.278
17, -2.376
18, -2.536
19, -2.719
20, -2.830
21, -2.984
22, -3.117
22, -3.300
21, -3.811
20, -3.817
19, -3.775
18, -3.747
17, -3.460
16, -3.305
15, -3.173
14, -2.998
13, -2.712
12, -2.523
11, -2.285
10, -2.076
9, -1.978
8, -1.642
7, -1.425
6, -1.208
5, -0.963
4, -0.858
3, -0.655
2, -0.522
1, -0.299
0, -0.061
-1, 0.156
-2, 0.408
-3, 0.659
-4, 0.834
-5, 1.022
-6, 1.323
-7, 1.687
-8, 1.925
-9, 2.247
-10, 2.422
-11, 2.688
-12, 2.926
-13, 3.143
-14, 3.388
-15, 3.633
-16, 3.899
-17, 4.186
-18, 4.312
-19, 4.570
-20, 4.794
-21, 5.011
-22, 5.235
-22, 5.459
-21, 5.746
-20, 5.725
-19, 5.739
-18, 5.663
-17, 5.537
-16, 5.299
-15, 5.138
-14, 4.963
-13, 4.697
-12, 4.404
-11, 4.207
-10, 3.962
-9, 3.766
-8, 3.550
-7, 3.347
-6, 3.025
-5, 2.864
-4, 2.619
-3, 2.290
-2, 2.038
-1, 1.800
0, 1.485
0, 1.254
1, 1.031
2, 0.940
3, 0.688
4, 0.457
5, 0.240
6, -0.208
7, -0.368
8, -0.571
9, -0.802
10, -0.998
11, -1.222
12, -1.425
13, -1.677
14, -1.921
15, -2.201
16, -2.334
17, -2.389
18, -2.494
19, -2.668
20, -2.892
21, -3.060
22, -3.186
22, -3.403
21, -3.823
20, -3.782
19, -3.761
18, -3.733
17, -3.439
16, -3.299
15, -3.124
14, -2.928
13, -2.683
12, -2.564
11, -2.347
10, -2.180
9, -1.970
8, -1.676
7, -1.459
6, -1.250
5, -1.018
4, -0.864
3, -0.697
2, -0.502
1, -0.116
0, 0.066
-1, 0.220
-2, 0.499
-3, 0.709
-4, 0.975
-5, 1.206
-6, 1.416
-7, 1.577
-8, 1.975
-9, 2.199
-10, 2.542
-11, 2.717
-12, 2.976
-13, 3.185
-14, 3.381
-15, 3.612
-16, 3.997
-17, 4.116
-18, 4.396
-19, 4.642
-20, 4.830
-21, 5.012
-22, 5.201
-22, 5.460
-21, 5.699
-20, 5.733
-19, 5.727
-18, 5.663
-17, 5.460
-16, 5.264
-15, 5.096
-14, 4.871
-13, 4.641
-12, 4.402
-11, 4.193
-10, 3.969
-9, 3.774
-8, 3.515
-7, 3.340
-6, 3.110
-5, 2.948
-4, 2.703
-3, 2.318
-2, 2.094
-1, 1.801
0, 1.534
0, 1.255
1, 1.051
2, 0.968
3, 0.667
4, 0.450
5, 0.121
6, -0.242
7, -0.479
8, -0.577
9, -0.787
10, -0.997
11, -1.102
12, -1.403
13, -1.627
14, -1.885
15, -2.158
16, -2.270
17, -2.340
18, -2.466
19, -2.640
20, -2.802
21, -2.976
22, -3.102
22, -3.382
21, -3.802
20, -3.808
19, -3.788
18, -3.809
17, -3.473
16, -3.270
15, -3.123
14, -2.921
13, -2.662
12, -2.543
11, -2.326
10, -2.117
9, -1.990
8, -1.752
7, -1.550
6, -1.368
5, -1.039
4, -0.970
3, -0.739
2, -0.501
1, -0.284
0, -0.025
-1, 0.233
-2, 0.408
-3, 0.646
-4, 0.967
-5, 1.128
-6, 1.436
-7, 1.611
-8, 1.996
-9, 2.185
-10, 2.521
-11, 2.717
-12, 2.850
-13, 3.074
-14, 3.339
-15, 3.619
-16, 3.836
-17, 4.138
-18, 4.320
-19, 4.523
-20, 4.789
-21, 5.089
-22, 5.271
-22, 5.452
-21, 5.620
-20, 5.698
-19, 5.698
-18, 5.643
-17, 5.509
-16, 5.369
-15, 5.229
-14, 4.922
-13, 4.683
-12, 4.487
-11, 4.313
-10, 3.984
-9, 3.760
-8, 3.599
-7, 3.416
-6, 3.171
-5, 2.962
-4, 2.661
-3, 2.297
-2, 2.038
-1, 1.850
0, 1.486
0, 1.248
1, 1.081
2, 1.011
3, 0.668
4, 0.472
5, 0.178
6, -0.158
7, -0.403
8, -0.683
9, -0.879
10, -1.054
11, -1.277
12, -1.473
13, -1.654
14, -1.893
15, -2.228
16, -2.305
17, -2.389
18, -2.522
19, -2.627
20, -2.773
21, -2.984
22, -3.131
22, -3.431
21, -3.753
20, -3.829
19, -3.788
18, -3.620
17, -3.284
16, -3.222
15, -3.075
14, -2.810
13, -2.621
12, -2.452
11, -2.347
10, -2.249
9, -1.984
8, -1.697
7, -1.509
6, -1.277
5, -0.941
4, -0.808
3, -0.557
2, -0.354
1, -0.081
0, 0.185
-1, 0.373
-2, 0.471
-3, 0.569
-4, 0.807
-5, 1.073
-6, 1.255
-7, 1.437
-8, 1.946
-9, 2.226
-10, 2.457
-11, 2.688
-12, 2.933
-13, 3.164
-14, 3.346
-15, 3.548
-16, 3.843
-17, 4.228
-18, 4.388
-19, 4.599
-20, 4.809
-21, 5.026
-22, 5.174
-22, 5.461
-21, 5.691
-20, 5.705
-19, 5.705
-18, 5.642
-17, 5.467
-16, 5.355
-15, 5.236
-14, 4.977
-13, 4.718
-12, 4.453
-11, 4.221
-10, 4.025
-9, 3.838
-8, 3.579
-7, 3.342
-6, 3.104
-5, 2.921
-4, 2.683
-3, 2.312
-2, 2.123
-1, 1.836
0, 1.612
0, 1.277
1, 1.046
2, 0.990
3, 0.766
4, 0.534
5, 0.220
6, -0.123
7, -0.361
8, -0.577
9, -0.808
10, -1.067
11, -1.270
12, -1.458
13, -1.689
14, -1.969
15, -2.256
16, -2.298
17, -2.389
18, -2.501
19, -2.668
20, -2.829
21, -3.025
22, -3.109
22, -3.256
21, -3.780
20, -3.823
19, -3.830
18, -3.781
17, -3.431
16, -3.228
15, -3.060
14, -2.815
13, -2.605
12, -2.466
11, -2.249
10, -2.053
9, -1.885
8, -1.676
7, -1.536
6, -1.326
5, -1.054
4, -0.850
3, -0.654
2, -0.513
1, -0.268
0, -0.017
-1, 0.249
-2, 0.473
-3, 0.668
-4, 0.878
-5, 1.150
-6, 1.304
-7, 1.640
-8, 1.898
-9, 2.220
-10, 2.480
-11, 2.620
-12, 2.725
-13, 3.123
-14, 3.354
-15, 3.542
-16, 3.802
-17, 4.067
-18, 4.249
-19, 4.445
-20, 4.725
-21, 5.041
-22, 5.265
-22, 5.552
-21, 5.777
-20, 5.797
-19, 5.783
-18, 5.706
-17, 5.546
-16, 5.385
-15, 5.188
-14, 4.929
-13, 4.663
-12, 4.432
-11, 4.250
-10, 4.019
-9, 3.823
-8, 3.571
-7, 3.388
-6, 3.095
-5, 2.907
-4, 2.494
-3, 2.298
-2, 2.067
-1, 1.850
0, 1.542
0, 1.347
1, 0.983
2, 0.892
3, 0.620
4, 0.466
5, 0.172
6, -0.254
7, -0.493
8, -0.619
9, -0.878
10, -1.087
11, -1.263
12, -1.458
13, -1.612
14, -1.885
15, -2.179
16, -2.256
17, -2.382
18, -2.514
19, -2.675
20, -2.850
21, -2.990
22, -3.094
22, -3.374
21, -3.752
20, -3.795
19, -3.753
18, -3.585
17, -3.263
16, -3.187
15, -3.117
14, -2.885
13, -2.689
12, -2.535
11, -2.389
10, -2.137
9, -1.955
8, -1.766
7, -1.556
6, -1.340
5, -1.060
4, -0.884
3, -0.695
2, -0.534
1, -0.296
0, -0.108
-1, 0.137
-2, 0.409
-3, 0.619
-4, 0.765
-5, 0.975
-6, 1.276
-7, 1.570
-8, 2.003
-9, 2.233
-10, 2.422
-11, 2.668
-12, 2.899
-13, 3.186
-14, 3.431
-15, 3.647
-16, 3.949
-17, 4.214
-18, 4.326
-19, 4.536
-20, 4.752
-21, 5.011
-22, 5.249
-22, 5.537
-21, 5.741
-20, 5.784
-19, 5.804
-18, 5.713
-17, 5.525
-16, 5.342
-15, 5.181
-14, 4.922
-13, 4.657
-12, 4.355
-11, 4.173
-10, 3.963
-9, 3.802
-8, 3.599
-7, 3.382
-6, 3.102
-5, 2.879
-4, 2.606
-3, 2.221
-2, 1.998
-1, 1.801
0, 1.591
0, 1.270
1, 1.046
2, 0.997
3, 0.760
4, 0.543
5, 0.249
6, -0.108
7, -0.374
8, -0.632
9, -0.863
10, -1.094
11, -1.262
12, -1.486
13, -1.646
14, -1.912
15, -2.186
16, -2.277
17, -2.389
18, -2.486
19, -2.626
20, -2.746
21, -2.948
22, -3.088
22, -3.228
21, -3.760
20, -3.754
19, -3.754
18, -3.607
17, -3.292
16, -3.130
15, -3.019
14, -2.851
13, -2.655
12, -2.424
11, -2.243
10, -2.096
9, -1.907
8, -1.668
7, -1.521
6, -1.276
5, -0.975
4, -0.828
3, -0.549
2, -0.360
1, -0.109
0, 0.058
-1, 0.233
-2, 0.360
-3, 0.569
-4, 0.856
-5, 1.010
-6, 1.192
-7, 1.611
-8, 1.883
-9, 2.198
-10, 2.401
-11, 2.675
-12, 2.941
-13, 3.200
-14, 3.381
-15, 3.577
-16, 3.822
-17, 4.137
-18, 4.389
-19, 4.669
-20, 4.851
-21, 5.103
-22, 5.278
-22, 5.459
-21, 5.655
-20, 5.719
-19, 5.761
-18, 5.698
-17, 5.572
-16, 5.389
-15, 5.243
-14, 4.915
-13, 4.656
-12, 4.369
-11, 4.221
-10, 3.992
-9, 3.747
-8, 3.522
-7, 3.360
-6, 3.123
-5, 2.885
-4, 2.647
-3, 2.333
-2, 2.102
-1, 1.920
0, 1.543
0, 1.263
1, 0.976
2, 0.941
3, 0.655
4, 0.480
5, 0.186
6, -0.227
7, -0.388
8, -0.605
9, -0.828
10, -1.045
11, -1.206
12, -1.430
13, -1.654
14, -1.913
15, -2.186
16, -2.221
17, -2.339
18, -2.479
19, -2.716
20, -2.856
21, -2.989
22, -3.115
22, -3.536
21, -3.928
20, -3.956
19, -3.872
18, -3.802
17, -3.557
16, -3.263
15, -3.095
14, -2.850
13, -2.648
12, -2.501
11, -2.264
10, -2.109
9, -2.004
8, -1.717
7, -1.493
6, -1.360
5, -1.059
4, -0.864
3, -0.626
2, -0.494
1, -0.270
0, 0.087
-1, 0.290
-2, 0.401
-3, 0.618
-4, 0.891
-5, 1.171
-6, 1.332
-7, 1.521
-8, 1.920
-9, 2.164
-10, 2.486
-11, 2.710
-12, 2.933
-13, 3.115
-14, 3.423
-15, 3.641
-16, 3.893
-17, 4.186
-18, 4.354
-19, 4.528
-20, 4.830
-21, 4.998
-22, 5.229
-22, 5.495
-21, 5.760
-20, 5.796
-19, 5.775
-18, 5.657
-17, 5.553
-16, 5.384
-15, 5.195
-14, 4.950
-13, 4.684
-12, 4.496
-11, 4.145
-10, 3.955
-9, 3.801
-8, 3.577
-7, 3.402
-6, 3.136
-5, 2.857
-4, 2.598
-3, 2.242
-2, 2.025
-1, 1.794
0, 1.514
0, 1.255
1, 0.948
2, 0.877
3, 0.619
4, 0.465
5, 0.185
6, -0.207
7, -0.410
8, -0.570
9, -0.822
10, -1.060
11, -1.248
12, -1.444
13, -1.564
14, -1.809
15, -2.137
16, -2.242
17, -2.389
18, -2.528
19, -2.689
20, -2.829
21, -2.969
22, -3.102
22, -3.242
21, -3.767
20, -3.733
19, -3.740
18, -3.719
17, -3.433
16, -3.146
15, -2.956
14, -2.830
13, -2.690
12, -2.551
11, -2.285
10, -2.208
9, -2.054
8, -1.676
7, -1.452
6, -1.256
5, -0.991
4, -0.822
3, -0.612
2, -0.424
1, -0.095
0, 0.072
-1, 0.303
-2, 0.478
-3, 0.716
-4, 0.919
-5, 1.136
-6, 1.360
-7, 1.590
-8, 1.975
-9, 2.318
-10, 2.520
-11, 2.758
-12, 2.975
-13, 3.228
-14, 3.444
-15, 3.626
-16, 3.920
-17, 4.208
-18, 4.376
-19, 4.543
-20, 4.816
-21, 5.074
-22, 5.235
-22, 5.460
-21, 5.677
-20, 5.761
-19, 5.753
-18, 5.663
-17, 5.524
-16, 5.314
-15, 5.181
-14, 4.936
-13, 4.671
-12, 4.397
-11, 4.221
-10, 4.033
-9, 3.816
-8, 3.627
-7, 3.437
-6, 3.074
-5, 2.969
-4, 2.696
-3, 2.339
-2, 2.074
-1, 1.815
0, 1.528
0, 1.248
1, 1.066
2, 0.989
3, 0.696
4, 0.444
5, 0.213
6, -0.214
7, -0.361
8, -0.571
9, -0.822
10, -1.053
11, -1.277
12, -1.480
13, -1.634
14, -1.956
15, -2.172
16, -2.257
17, -2.375
18, -2.501
19, -2.662
20, -2.809
21, -2.984
22, -3.082
22, -3.509
21, -3.803
20, -3.810
19, -3.796
18, -3.622
17, -3.300
16, -3.208
15, -3.026
14, -2.844
13, -2.697
12, -2.578
11, -2.368
10, -2.131
9, -1.956
8, -1.696
7, -1.515
6, -1.284
5, -1.025
4, -0.885
3, -0.626
2, -0.354
1, -0.130
0, 0.114
-1, 0.324
-2, 0.436
-3, 0.569
-4, 0.842
-5, 1.024
-6, 1.296
-7, 1.597
-8, 1.940
-9, 2.157
-10, 2.408
-11, 2.702
-12, 2.939
-13, 3.164
-14, 3.409
-15, 3.626
-16, 3.871
-17, 4.081
-18, 4.318
-19, 4.522
-20, 4.788
-21, 4.928
-22, 5.159
-22, 5.432
-21, 5.649
-20, 5.719
-19, 5.754
-18, 5.748
-17, 5.558
-16, 5.369
-15, 5.208
-14, 4.998
-13, 4.655
-12, 4.375
-11, 4.179
-10, 3.962
-9, 3.780
-8, 3.591
-7, 3.395
-6, 3.143
-5, 2.905
-4, 2.633
-3, 2.360
-2, 2.102
-1, 1.934
0, 1.647
0, 1.262
1, 0.996
2, 0.982
3, 0.744
4, 0.506
5, 0.227
6, -0.193
7, -0.389
8, -0.620
9, -0.893
10, -1.123
11, -1.249
12, -1.445
13, -1.697
14, -1.942
15, -2.159
16, -2.264
17, -2.347
18, -2.487
19, -2.704
20, -2.823
21, -2.991
22, -3.103
22, -3.404
21, -3.767
20, -3.802
19, -3.809
18, -3.775
17, -3.579
16, -3.341
15, -3.124
14, -2.879
13, -2.613
12, -2.480
11, -2.228
10, -2.075
9, -1.879
8, -1.732
7, -1.592
6, -1.425
5, -1.160
4, -0.998
3, -0.690
2, -0.487
1, -0.158
0, 0.128
-1, 0.310
-2, 0.478
-3, 0.625
-4, 0.975
-5, 1.185
-6, 1.429
-7, 1.640
-8, 2.017
-9, 2.296
-10, 2.528
-11, 2.737
-12, 2.912
-13, 3.101
-14, 3.353
-15, 3.535
-16, 3.836
-17, 4.130
-18, 4.430
-19, 4.578
-20, 4.774
-21, 5.060
-22, 5.249
-22, 5.536
-21, 5.760
-20, 5.830
-19, 5.817
-18, 5.684
-17, 5.503
-16, 5.314
-15, 5.201
-14, 4.999
-13, 4.677
-12, 4.340
-11, 4.193
-10, 3.990
-9, 3.794
-8, 3.619
-7, 3.410
-6, 3.102
-5, 2.921
-4, 2.668
-3, 2.374
-2, 2.101
-1, 1.801
0, 1.507
