0, -0.357
1, -0.595
2, -0.692
3, -0.692
4, -1.147
5, -1.154
6, -1.567
7, -1.567
8, -2.021
9, -2.014
10, -2.546
11, -2.539
12, -2.959
13, -2.966
14, -3.379
15, -3.414
16, -3.777
17, -3.770
18, -4.379
19, -4.400
20, -4.792
21, -4.827
22, -5.226
22, -5.226
21, -5.647
20, -5.675
19, -5.689
18, -5.689
17, -5.471
16, -5.437
15, -5.072
14, -5.037
13, -4.568
12, -4.505
11, -4.050
10, -3.931
9, -3.476
8, -3.372
7, -3.015
6, -3.015
5, -2.553
4, -2.504
3, -2.000
2, -1.930
1, -1.420
0, -1.329
-1, -0.888
-2, -0.888
-3, -0.406
-4, -0.413
-5, 0.070
-6, 0.070
-7, 0.650
-8, 0.720
-9, 1.014
-10, 1.035
-11, 1.504
-12, 1.504
-13, 1.951
-14, 1.965
-15, 2.483
-16, 2.504
-17, 2.903
-18, 2.966
-19, 3.337
-20, 3.421
-21, 3.728
-22, 3.735
-22, 4.239
-21, 4.267
-20, 4.477
-19, 4.470
-18, 4.456
-17, 4.365
-16, 3.973
-15, 3.890
-14, 3.603
-13, 3.582
-12, 3.190
-11, 3.204
-10, 2.805
-9, 2.770
-8, 2.217
-7, 2.175
-6, 1.784
-5, 1.672
-4, 1.336
-3, 1.343
-2, 0.874
-1, 0.895
0, 0.385
0, 0.266
1, -0.210
2, -0.196
3, -0.420
4, -0.434
5, -0.839
6, -0.839
7, -1.287
8, -1.280
9, -1.888
10, -1.909
11, -2.392
12, -2.434
13, -2.812
14, -2.840
15, -3.302
16, -3.302
17, -3.610
18, -3.666
19, -4.344
20, -4.464
21, -4.820
22, -4.904
22, -5.233
21, -5.409
20, -5.521
19, -5.521
18, -5.485
17, -5.478
16, -5.149
15, -5.129
14, -4.729
13, -4.568
12, -4.239
11, -4.113
10, -3.582
9, -3.575
8, -3.204
7, -3.190
6, -2.728
5, -2.686
4, -2.203
3, -2.105
2, -1.686
1, -1.462
0, -1.147
-1, -1.140
-2, -0.713
-3, -0.664
-4, -0.217
-5, -0.091
-6, 0.357
-7, 0.490
-8, 0.860
-9, 1.007
-10, 1.231
-11, 1.231
-12, 1.707
-13, 1.762
-14, 2.245
-15, 2.266
-16, 2.742
-17, 2.819
-18, 3.106
-19, 3.218
-20, 3.546
-21, 3.546
-22, 3.938
-22, 3.952
-21, 4.442
-20, 4.470
-19, 4.505
-18, 4.477
-17, 4.218
-16, 4.092
-15, 3.798
-14, 3.798
-13, 3.400
-12, 3.393
-11, 3.022
-10, 2.994
-9, 2.483
-8, 2.399
-7, 1.986
-6, 1.951
-5, 1.546
-4, 1.378
-3, 1.063
-2, 1.028
-1, 0.608
0, 0.588
0, 0.028
1, -0.070
2, -0.252
3, -0.322
4, -0.727
5, -0.727
6, -1.140
7, -1.140
8, -1.616
9, -1.679
10, -2.224
11, -2.273
12, -2.630
13, -2.686
14, -3.113
15, -3.232
16, -3.512
17, -3.512
18, -4.162
19, -4.211
20, -4.596
21, -4.659
22, -5.086
22, -5.136
21, -5.521
20, -5.556
19, -5.563
18, -5.570
17, -5.402
16, -5.394
15, -5.030
14, -4.981
13, -4.547
12, -4.435
11, -4.057
10, -3.791
9, -3.497
8, -3.497
7, -3.043
6, -3.029
5, -2.609
4, -2.385
3, -2.007
2, -1.868
1, -1.399
0, -1.406
-1, -0.944
-2, -0.937
-3, -0.483
-4, -0.448
-5, 0.042
-6, 0.119
-7, 0.609
-8, 0.741
-9, 1.021
-10, 1.217
-11, 1.476
-12, 1.483
-13, 1.903
-14, 1.965
-15, 2.483
-16, 2.518
-17, 2.931
-18, 3.022
-19, 3.365
-20, 3.504
-21, 3.763
-22, 3.770
-22, 4.218
-21, 4.260
-20, 4.512
-19, 4.505
-18, 4.491
-17, 4.365
-16, 4.043
-15, 3.890
-14, 3.610
-13, 3.617
-12, 3.239
-11, 3.232
-10, 2.840
-9, 2.756
-8, 2.259
-7, 2.196
-6, 1.819
-5, 1.630
-4, 1.343
-3, 1.350
-2, 0.888
-1, 0.902
0, 0.406
0, 0.273
1, -0.175
2, -0.175
3, -0.378
4, -0.511
5, -0.804
6, -0.811
7, -1.259
8, -1.252
9, -1.840
10, -1.965
11, -2.364
12, -2.469
13, -2.812
14, -2.826
15, -3.295
16, -3.302
17, -3.624
18, -3.673
19, -4.344
20, -4.477
21, -4.841
22, -4.940
22, -5.290
21, -5.430
20, -5.542
19, -5.542
18, -5.556
17, -5.493
16, -5.170
15, -5.129
14, -4.757
13, -4.603
12, -4.260
11, -4.253
10, -3.610
9, -3.610
8, -3.274
7, -3.225
6, -2.763
5, -2.651
4, -2.217
3, -2.063
2, -1.672
1, -1.658
0, -1.154
-1, -1.140
-2, -0.755
-3, -0.706
-4, -0.217
-5, -0.098
-6, 0.336
-7, 0.476
-8, 0.832
-9, 0.986
-10, 1.217
-11, 1.224
-12, 1.672
-13, 1.693
-14, 2.266
-15, 2.350
-16, 2.742
-17, 2.854
-18, 3.162
-19, 3.330
-20, 3.603
-21, 3.603
-22, 3.987
-22, 4.022
-21, 4.498
-20, 4.526
-19, 4.540
-18, 4.540
-17, 4.268
-16, 4.127
-15, 3.862
-14, 3.862
-13, 3.491
-12, 3.477
-11, 3.078
-10, 3.064
-9, 2.560
-8, 2.399
-7, 2.049
-6, 1.973
-5, 1.574
-4, 1.574
-3, 1.091
-2, 1.105
-1, 0.686
0, 0.637
0, 0.098
1, -0.007
2, -0.189
3, -0.224
4, -0.636
5, -0.643
6, -1.049
7, -1.049
8, -1.497
9, -1.546
10, -2.140
11, -2.224
12, -2.560
13, -2.637
14, -3.050
15, -3.050
16, -3.442
17, -3.442
18, -4.001
19, -4.085
20, -4.519
21, -4.624
22, -5.002
22, -5.058
21, -5.437
20, -5.471
19, -5.478
18, -5.478
17, -5.290
16, -5.290
15, -4.890
14, -4.869
13, -4.449
12, -4.316
11, -3.931
10, -3.721
9, -3.365
8, -3.358
7, -2.959
6, -2.924
5, -2.455
4, -2.301
3, -1.874
2, -1.770
1, -1.301
0, -1.098
-1, -0.790
-2, -0.783
-3, -0.315
-4, -0.308
-5, 0.147
-6, 0.203
-7, 0.755
-8, 0.846
-9, 1.126
-10, 1.238
-11, 1.581
-12, 1.595
-13, 2.042
-14, 2.070
-15, 2.602
-16, 2.623
-17, 3.036
-18, 3.092
-19, 3.469
-20, 3.574
-21, 3.854
-22, 3.854
-22, 4.358
-21, 4.414
-20, 4.610
-19, 4.596
-18, 4.582
-17, 4.547
-16, 4.155
-15, 4.001
-14, 3.735
-13, 3.735
-12, 3.344
-11, 3.330
-10, 2.959
-9, 2.847
-8, 2.399
-7, 2.301
-6, 1.931
-5, 1.770
-4, 1.455
-3, 1.448
-2, 0.979
-1, 0.986
0, 0.420
0, 0.329
1, -0.098
2, -0.119
3, -0.329
4, -0.517
5, -0.776
6, -0.783
7, -1.182
8, -1.182
9, -1.811
10, -1.874
11, -2.315
12, -2.406
13, -2.770
14, -2.938
15, -3.274
16, -3.274
17, -3.616
18, -3.645
19, -4.337
20, -4.428
21, -4.827
22, -4.876
22, -5.233
21, -5.366
20, -5.471
19, -5.478
18, -5.485
17, -5.450
16, -5.177
15, -5.142
14, -4.722
13, -4.575
12, -4.232
11, -4.232
10, -3.574
9, -3.567
8, -3.245
7, -3.211
6, -2.749
5, -2.679
4, -2.245
3, -2.063
2, -1.658
1, -1.651
0, -1.189
-1, -1.182
-2, -0.748
-3, -0.706
-4, -0.231
-5, -0.112
-6, 0.343
-7, 0.504
-8, 0.804
-9, 0.804
-10, 1.203
-11, 1.238
-12, 1.644
-13, 1.735
-14, 2.224
-15, 2.287
-16, 2.686
-17, 2.805
-18, 3.085
-19, 3.239
-20, 3.525
-21, 3.532
-22, 3.931
-22, 3.973
-21, 4.414
-20, 4.435
-19, 4.456
-18, 4.435
-17, 4.162
-16, 4.050
-15, 3.827
-14, 3.791
-13, 3.379
-12, 3.379
-11, 3.008
-10, 2.980
-9, 2.469
-8, 2.308
-7, 1.959
-6, 1.903
-5, 1.497
-4, 1.497
-3, 1.014
-2, 1.028
-1, 0.630
0, 0.581
0, -0.007
1, -0.133
2, -0.231
3, -0.301
4, -0.706
5, -0.706
6, -1.105
7, -1.105
8, -1.567
9, -1.699
10, -2.217
11, -2.273
12, -2.630
13, -2.770
14, -3.092
15, -3.092
16, -3.497
17, -3.490
18, -4.008
19, -4.120
20, -4.575
21, -4.631
22, -5.065
22, -5.163
21, -5.499
20, -5.520
19, -5.541
18, -5.541
17, -5.380
16, -5.352
15, -4.967
14, -4.904
13, -4.484
12, -4.316
11, -3.994
10, -3.924
9, -3.427
8, -3.413
7, -3.028
6, -2.952
5, -2.511
4, -2.301
3, -1.958
2, -1.832
1, -1.371
0, -1.364
-1, -0.888
-2, -0.874
-3, -0.461
-4, -0.363
-5, 0.063
-6, 0.168
-7, 0.651
-8, 0.826
-9, 1.028
-10, 1.035
-11, 1.497
-12, 1.511
-13, 1.952
-14, 2.092
-15, 2.525
-16, 2.644
-17, 2.931
-18, 3.036
-19, 3.358
-20, 3.358
-21, 3.757
-22, 3.757
-22, 4.212
-21, 4.316
-20, 4.519
-19, 4.505
-18, 4.492
-17, 4.303
-16, 4.023
-15, 4.016
-14, 3.645
-13, 3.610
-12, 3.190
-11, 3.085
-10, 2.805
-9, 2.609
-8, 2.211
-7, 2.211
-6, 1.756
-5, 1.756
-4, 1.329
-3, 1.315
-2, 0.882
-1, 0.868
0, 0.336
0, 0.189
1, -0.244
2, -0.231
3, -0.461
4, -0.461
5, -0.867
6, -0.860
7, -1.294
8, -1.294
9, -1.923
10, -2.049
11, -2.413
12, -2.525
13, -2.875
14, -2.882
15, -3.343
16, -3.343
17, -3.700
18, -3.756
19, -4.435
20, -4.519
21, -4.883
22, -4.974
22, -5.296
21, -5.478
20, -5.576
19, -5.569
18, -5.548
17, -5.541
16, -5.191
15, -5.156
14, -4.764
13, -4.610
12, -4.267
11, -4.267
10, -3.630
9, -3.623
8, -3.273
7, -3.224
6, -2.756
5, -2.714
4, -2.245
3, -2.084
2, -1.650
1, -1.462
0, -1.168
-1, -1.168
-2, -0.706
-3, -0.692
-4, -0.231
-5, -0.112
-6, 0.308
-7, 0.490
-8, 0.825
-9, 0.944
-10, 1.238
-11, 1.245
-12, 1.686
-13, 1.707
-14, 2.266
-15, 2.322
-16, 2.742
-17, 2.826
-18, 3.148
-19, 3.281
-20, 3.582
-21, 3.589
-22, 3.966
-22, 3.987
-21, 4.477
-20, 4.526
-19, 4.505
-18, 4.498
-17, 4.240
-16, 4.106
-15, 3.855
-14, 3.820
-13, 3.435
-12, 3.428
-11, 3.050
-10, 3.022
-9, 2.546
-8, 2.399
-7, 2.021
-6, 1.938
-5, 1.581
-4, 1.581
-3, 1.084
-2, 1.091
-1, 0.686
0, 0.658
0, 0.042
1, -0.077
2, -0.224
3, -0.301
4, -0.678
5, -0.671
6, -1.091
7, -1.091
8, -1.504
9, -1.602
10, -2.196
11, -2.280
12, -2.623
13, -2.735
14, -3.092
15, -3.092
16, -3.532
17, -3.532
18, -4.071
19, -4.197
20, -4.603
21, -4.680
22, -5.100
22, -5.219
21, -5.513
20, -5.520
19, -5.527
18, -5.527
17, -5.444
16, -5.380
15, -4.974
14, -4.932
13, -4.554
12, -4.393
11, -4.022
10, -3.938
9, -3.483
8, -3.490
7, -3.043
6, -2.987
5, -2.532
4, -2.406
3, -1.986
2, -1.839
1, -1.427
0, -1.420
-1, -0.909
-2, -0.902
-3, -0.490
-4, -0.406
-5, 0.063
-6, 0.126
-7, 0.650
-8, 0.783
-9, 1.063
-10, 1.070
-11, 1.532
-12, 1.539
-13, 2.014
-14, 2.098
-15, 2.581
-16, 2.637
-17, 3.050
-18, 3.162
-19, 3.497
-20, 3.497
-21, 3.896
-22, 3.896
-22, 4.351
-21, 4.456
-20, 4.673
-19, 4.652
-18, 4.666
-17, 4.464
-16, 4.183
-15, 4.183
-14, 3.813
-13, 3.799
-12, 3.386
-11, 3.379
-10, 2.980
-9, 2.854
-8, 2.420
-7, 2.280
-6, 1.952
-5, 1.945
-4, 1.483
-3, 1.497
-2, 1.035
-1, 1.042
0, 0.553
0, 0.413
1, -0.035
2, -0.035
3, -0.259
4, -0.426
5, -0.713
6, -0.713
7, -1.168
8, -1.175
9, -1.727
10, -1.839
11, -2.238
12, -2.336
13, -2.693
14, -2.819
15, -3.169
16, -3.162
17, -3.574
18, -3.637
19, -4.281
20, -4.344
21, -4.743
22, -4.890
22, -5.149
21, -5.170
20, -5.380
19, -5.380
18, -5.401
17, -5.401
16, -5.093
15, -5.079
14, -4.687
13, -4.554
12, -4.197
11, -4.190
10, -3.532
9, -3.525
8, -3.197
7, -3.155
6, -2.707
5, -2.602
4, -2.154
3, -2.021
2, -1.622
1, -1.615
0, -1.140
-1, -1.140
-2, -0.713
-3, -0.643
-4, -0.203
-5, -0.112
-6, 0.413
-7, 0.476
-8, 0.881
-9, 1.007
-10, 1.273
-11, 1.273
-12, 1.742
-13, 1.798
-14, 2.294
-15, 2.343
-16, 2.763
-17, 2.826
-18, 3.169
-19, 3.309
-20, 3.610
-21, 3.617
-22, 3.980
-22, 4.078
-21, 4.526
-20, 4.540
-19, 4.554
-18, 4.547
-17, 4.295
-16, 4.141
-15, 3.876
-14, 3.876
-13, 3.491
-12, 3.477
-11, 3.099
-10, 3.057
-9, 2.525
-8, 2.406
-7, 2.077
-6, 1.993
-5, 1.623
-4, 1.623
-3, 1.154
-2, 1.154
-1, 0.742
0, 0.714
0, 0.147
1, 0.021
2, -0.154
3, -0.189
4, -0.587
5, -0.587
6, -1.028
7, -1.014
8, -1.441
9, -1.483
10, -2.063
11, -2.147
12, -2.504
13, -2.651
14, -2.980
15, -2.980
16, -3.386
17, -3.386
18, -3.840
19, -4.015
20, -4.505
21, -4.610
22, -4.953
22, -5.086
21, -5.415
20, -5.436
19, -5.464
18, -5.464
17, -5.303
16, -5.247
15, -4.904
14, -4.869
13, -4.442
12, -4.302
11, -3.938
10, -3.868
9, -3.379
8, -3.379
7, -2.959
6, -2.896
5, -2.462
4, -2.301
3, -1.944
2, -1.846
1, -1.357
0, -1.147
-1, -0.853
-2, -0.846
-3, -0.385
-4, -0.371
-5, 0.084
-6, 0.119
-7, 0.651
-8, 0.756
-9, 1.049
-10, 1.210
-11, 1.490
-12, 1.511
-13, 1.952
-14, 1.966
-15, 2.483
-16, 2.539
-17, 2.952
-18, 2.994
-19, 3.365
-20, 3.505
-21, 3.749
-22, 3.749
-22, 4.239
-21, 4.295
-20, 4.491
-19, 4.484
-18, 4.470
-17, 4.344
-16, 3.988
-15, 3.890
-14, 3.624
-13, 3.617
-12, 3.204
-11, 3.183
-10, 2.798
-9, 2.777
-8, 2.238
-7, 2.134
-6, 1.784
-5, 1.644
-4, 1.322
-3, 1.322
-2, 0.875
-1, 0.882
0, 0.357
0, 0.259
1, -0.210
2, -0.230
3, -0.419
4, -0.538
5, -0.874
6, -1.000
7, -1.301
8, -1.294
9, -1.930
10, -1.965
11, -2.378
12, -2.413
13, -2.826
14, -2.945
15, -3.294
16, -3.455
17, -3.665
18, -3.672
19, -4.386
20, -4.449
21, -4.841
22, -4.897
22, -5.261
21, -5.408
20, -5.520
19, -5.513
18, -5.464
17, -5.478
16, -5.184
15, -5.142
14, -4.736
13, -4.582
12, -4.232
11, -4.120
10, -3.574
9, -3.560
8, -3.203
7, -3.196
6, -2.741
5, -2.720
4, -2.203
3, -2.091
2, -1.678
1, -1.552
0, -1.119
-1, -0.958
-2, -0.713
-3, -0.713
-4, -0.209
-5, -0.161
-6, 0.301
-7, 0.434
-8, 0.868
-9, 0.931
-10, 1.266
-11, 1.413
-12, 1.721
-13, 1.763
-14, 2.280
-15, 2.308
-16, 2.714
-17, 2.749
-18, 3.127
-19, 3.225
-20, 3.568
-21, 3.694
-22, 3.938
-22, 3.945
-21, 4.436
-20, 4.457
-19, 4.477
-18, 4.450
-17, 4.212
-16, 4.121
-15, 3.771
-14, 3.645
-13, 3.386
-12, 3.386
-11, 3.015
-10, 3.015
-9, 2.525
-8, 2.441
-7, 2.029
-6, 1.994
-5, 1.546
-4, 1.385
-3, 1.084
-2, 1.091
-1, 0.721
0, 0.707
0, 0.070
1, 0.007
2, -0.189
3, -0.195
4, -0.629
5, -0.685
6, -1.049
7, -1.056
8, -1.510
9, -1.573
10, -2.140
11, -2.161
12, -2.560
13, -2.637
14, -3.007
15, -3.098
16, -3.462
17, -3.462
18, -4.085
19, -4.134
20, -4.540
21, -4.582
22, -5.009
22, -5.093
21, -5.478
20, -5.499
19, -5.527
18, -5.527
17, -5.359
16, -5.324
15, -4.960
14, -4.932
13, -4.554
12, -4.456
11, -4.008
10, -3.833
9, -3.469
8, -3.469
7, -3.000
6, -2.993
5, -2.567
4, -2.469
3, -2.007
2, -1.902
1, -1.434
0, -1.287
-1, -0.916
-2, -0.748
-3, -0.475
-4, -0.461
-5, 0.000
-6, 0.028
-7, 0.546
-8, 0.658
-9, 0.979
-10, 1.063
-11, 1.392
-12, 1.595
-13, 1.910
-14, 1.938
-15, 2.462
-16, 2.518
-17, 2.910
-18, 2.938
-19, 3.330
-20, 3.435
-21, 3.714
-22, 3.721
-22, 4.211
-21, 4.260
-20, 4.470
-19, 4.470
-18, 4.436
-17, 4.330
-16, 3.974
-15, 3.925
-14, 3.575
-13, 3.449
-12, 3.169
-11, 3.148
-10, 2.721
-9, 2.672
-8, 2.204
-7, 2.141
-6, 1.742
-5, 1.616
-4, 1.259
-3, 1.189
-2, 0.805
-1, 0.812
0, 0.231
0, 0.154
1, -0.314
2, -0.307
3, -0.517
4, -0.552
5, -0.951
6, -1.007
7, -1.371
8, -1.496
9, -2.014
10, -2.021
11, -2.483
12, -2.525
13, -2.910
14, -3.028
15, -3.427
16, -3.532
17, -3.756
18, -3.763
19, -4.554
20, -4.561
21, -4.946
22, -4.953
22, -5.352
21, -5.429
20, -5.548
19, -5.534
18, -5.562
17, -5.541
16, -5.219
15, -5.219
14, -4.778
13, -4.750
12, -4.302
11, -4.288
10, -3.658
9, -3.574
8, -3.280
7, -3.133
6, -2.777
5, -2.763
4, -2.266
3, -2.245
2, -1.797
1, -1.692
0, -1.182
-1, -1.140
-2, -0.734
-3, -0.559
-4, -0.223
-5, -0.223
-6, 0.329
-7, 0.378
-8, 0.826
-9, 0.860
-10, 1.266
-11, 1.350
-12, 1.735
-13, 1.945
-14, 2.273
-15, 2.315
-16, 2.777
-17, 2.777
-18, 3.148
-19, 3.183
-20, 3.589
-21, 3.645
-22, 3.995
-22, 4.247
-21, 4.491
-20, 4.533
-19, 4.519
-18, 4.505
-17, 4.254
-16, 4.191
-15, 3.855
-14, 3.757
-13, 3.421
-12, 3.302
-11, 3.050
-10, 3.043
-9, 2.476
-8, 2.448
-7, 2.029
-6, 2.001
-5, 1.560
-4, 1.469
-3, 1.098
-2, 0.959
-1, 0.637
0, 0.588
0, 0.035
1, 0.000
2, -0.237
3, -0.244
4, -0.678
5, -0.706
6, -1.091
7, -1.175
8, -1.545
9, -1.573
10, -2.224
11, -2.252
12, -2.616
13, -2.664
14, -3.091
15, -3.189
16, -3.511
17, -3.616
18, -4.176
19, -4.197
20, -4.645
21, -4.659
22, -5.044
22, -5.079
21, -5.506
20, -5.541
19, -5.548
18, -5.576
17, -5.387
16, -5.254
15, -4.981
14, -4.981
13, -4.589
12, -4.505
11, -4.043
10, -3.868
9, -3.455
8, -3.336
7, -3.007
6, -2.972
5, -2.489
4, -2.468
3, -1.993
2, -1.965
1, -1.377
0, -1.314
-1, -0.860
-2, -0.741
-3, -0.363
-4, -0.223
-5, 0.071
-6, 0.085
-7, 0.672
-8, 0.686
-9, 1.078
-10, 1.155
-11, 1.518
-12, 1.665
-13, 1.987
-14, 1.987
-15, 2.540
-16, 2.561
-17, 2.945
-18, 2.973
-19, 3.393
-20, 3.421
-21, 3.792
-22, 3.883
-22, 4.233
-21, 4.429
-20, 4.541
-19, 4.534
-18, 4.457
-17, 4.443
-16, 4.072
-15, 4.009
-14, 3.645
-13, 3.624
-12, 3.232
-11, 3.114
-10, 2.813
-9, 2.785
-8, 2.211
-7, 2.204
-6, 1.805
-5, 1.735
-4, 1.351
-3, 1.323
-2, 0.889
-1, 0.826
0, 0.302
0, 0.281
1, -0.209
2, -0.230
3, -0.461
4, -0.461
5, -0.880
6, -0.908
7, -1.286
8, -1.419
9, -1.943
10, -1.950
11, -2.412
12, -2.419
13, -2.839
14, -2.881
15, -3.308
16, -3.469
17, -3.686
18, -3.903
19, -4.490
20, -4.497
21, -4.876
22, -4.883
22, -5.268
21, -5.317
20, -5.534
19, -5.520
18, -5.555
17, -5.457
16, -5.156
15, -5.149
14, -4.701
13, -4.680
12, -4.239
11, -4.232
10, -3.609
9, -3.511
8, -3.182
7, -3.063
6, -2.685
5, -2.496
4, -2.140
3, -2.140
2, -1.580
1, -1.552
0, -1.076
-1, -0.999
-2, -0.580
-3, -0.454
-4, -0.090
-5, -0.097
-6, 0.497
-7, 0.497
-8, 0.952
-9, 0.980
-10, 1.357
-11, 1.413
-12, 1.819
-13, 1.938
-14, 2.372
-15, 2.414
-16, 2.847
-17, 2.854
-18, 3.190
-19, 3.232
-20, 3.638
-21, 3.701
-22, 4.058
-22, 4.254
-21, 4.576
-20, 4.583
-19, 4.576
-18, 4.576
-17, 4.310
-16, 4.240
-15, 3.897
-14, 3.855
-13, 3.484
-12, 3.386
-11, 3.113
-10, 2.959
-9, 2.540
-8, 2.526
-7, 2.085
-6, 2.078
-5, 1.651
-4, 1.595
-3, 1.204
-2, 1.113
-1, 0.777
0, 0.525
0, 0.120
1, 0.106
2, -0.132
3, -0.132
4, -0.601
5, -0.601
6, -0.992
7, -1.048
8, -1.440
9, -1.706
10, -2.119
11, -2.133
12, -2.517
13, -2.524
14, -2.965
15, -2.979
16, -3.399
17, -3.434
18, -4.029
19, -4.281
20, -4.533
21, -4.533
22, -4.946
22, -4.960
21, -5.366
20, -5.373
19, -5.394
18, -5.394
17, -5.268
16, -5.121
15, -4.869
14, -4.869
13, -4.435
12, -4.393
11, -3.987
10, -3.889
9, -3.364
8, -3.322
7, -2.944
6, -2.790
5, -2.427
4, -2.420
3, -1.895
2, -1.895
1, -1.370
0, -1.308
-1, -0.860
-2, -0.783
-3, -0.391
-4, -0.202
-5, 0.077
-6, 0.077
-7, 0.651
-8, 0.658
-9, 1.007
-10, 1.028
-11, 1.434
-12, 1.539
-13, 1.952
-14, 2.098
-15, 2.483
-16, 2.511
-17, 2.903
-18, 2.910
-19, 3.316
-20, 3.337
-21, 3.721
-22, 3.777
-22, 4.155
-21, 4.323
-20, 4.456
-19, 4.463
-18, 4.401
-17, 4.366
-16, 4.016
-15, 3.967
-14, 3.589
-13, 3.547
-12, 3.148
-11, 3.036
-10, 2.749
-9, 2.532
-8, 2.176
-7, 2.162
-6, 1.707
-5, 1.700
-4, 1.287
-3, 1.266
-2, 0.847
-1, 0.819
0, 0.231
0, 0.078
1, -0.272
2, -0.258
3, -0.489
4, -0.475
5, -0.881
6, -0.888
7, -1.349
8, -1.496
9, -1.993
10, -2.182
11, -2.440
12, -2.454
13, -2.916
14, -2.916
15, -3.343
16, -3.357
17, -3.707
18, -3.868
19, -4.540
20, -4.637
21, -4.904
22, -4.904
22, -5.324
21, -5.331
20, -5.618
19, -5.618
18, -5.639
17, -5.534
16, -5.205
15, -5.155
14, -4.792
13, -4.792
12, -4.294
11, -4.287
10, -3.693
9, -3.623
8, -3.273
7, -3.245
6, -2.776
5, -2.650
4, -2.265
3, -2.258
2, -1.713
1, -1.692
0, -1.230
-1, -1.209
-2, -0.789
-3, -0.692
-4, -0.279
-5, -0.097
-6, 0.295
-7, 0.302
-8, 0.735
-9, 0.742
-10, 1.141
-11, 1.183
-12, 1.602
-13, 1.672
-14, 2.120
-15, 2.281
-16, 2.596
-17, 2.603
-18, 2.966
-19, 2.966
-20, 3.365
-21, 3.428
-22, 3.778
-22, 3.932
-21, 4.289
-20, 4.303
-19, 4.310
-18, 4.310
-17, 4.023
-16, 4.002
-15, 3.659
-14, 3.603
-13, 3.260
-12, 3.190
-11, 2.806
-10, 2.729
-9, 2.267
-8, 2.092
-7, 1.805
-6, 1.805
-5, 1.358
-4, 1.351
-3, 0.882
-2, 0.854
-1, 0.525
0, 0.301
0, -0.111
1, -0.118
2, -0.391
3, -0.384
4, -0.846
5, -0.839
6, -1.230
7, -1.244
8, -1.671
9, -1.888
10, -2.329
11, -2.349
12, -2.741
13, -2.755
14, -3.210
15, -3.217
16, -3.637
17, -3.679
18, -4.225
19, -4.462
20, -4.708
21, -4.715
22, -5.170
22, -5.163
21, -5.590
20, -5.625
19, -5.646
18, -5.653
17, -5.457
16, -5.373
15, -5.065
14, -5.065
13, -4.638
12, -4.617
11, -4.169
10, -4.085
9, -3.532
8, -3.490
7, -3.063
6, -2.958
5, -2.573
4, -2.378
3, -2.028
2, -2.021
1, -1.496
0, -1.419
-1, -0.965
-2, -0.853
-3, -0.503
-4, -0.342
-5, -0.042
-6, -0.035
-7, 0.553
-8, 0.567
-9, 0.917
-10, 0.952
-11, 1.399
-12, 1.490
-13, 1.882
-14, 2.015
-15, 2.420
-16, 2.420
-17, 2.868
-18, 2.868
-19, 3.309
-20, 3.330
-21, 3.701
-22, 3.729
-22, 4.141
-21, 4.330
-20, 4.436
-19, 4.436
-18, 4.394
-17, 4.352
-16, 3.960
-15, 3.953
-14, 3.589
-13, 3.547
-12, 3.162
-11, 3.099
-10, 2.756
-9, 2.525
-8, 2.155
-7, 2.162
-6, 1.707
-5, 1.714
-4, 1.294
-3, 1.273
-2, 0.868
-1, 0.840
0, 0.308
0, 0.092
1, -0.251
2, -0.265
3, -0.482
4, -0.475
5, -0.923
6, -0.923
7, -1.363
8, -1.454
9, -1.979
10, -2.119
11, -2.440
12, -2.447
13, -2.923
14, -2.923
15, -3.385
16, -3.392
17, -3.728
18, -3.861
19, -4.533
20, -4.610
21, -4.980
22, -5.121
22, -5.415
21, -5.422
20, -5.688
19, -5.702
18, -5.723
17, -5.632
16, -5.310
15, -5.275
14, -4.890
13, -4.729
12, -4.414
11, -4.393
10, -3.763
9, -3.756
8, -3.413
7, -3.399
6, -2.902
5, -2.769
4, -2.405
3, -2.377
2, -1.825
1, -1.811
0, -1.307
-1, -1.279
-2, -0.853
-3, -0.755
-4, -0.328
-5, -0.153
-6, 0.252
-7, 0.252
-8, 0.700
-9, 0.714
-10, 1.126
-11, 1.140
-12, 1.609
-13, 1.700
-14, 2.169
-15, 2.350
-16, 2.665
-17, 2.672
-18, 3.043
-19, 3.057
-20, 3.449
-21, 3.505
-22, 3.890
-22, 4.058
-21, 4.408
-20, 4.450
-19, 4.443
-18, 4.436
-17, 4.156
-16, 4.156
-15, 3.792
-14, 3.778
-13, 3.421
-12, 3.386
-11, 2.980
-10, 2.889
-9, 2.442
-8, 2.288
-7, 1.952
-6, 1.952
-5, 1.574
-4, 1.532
-3, 1.064
-2, 1.022
-1, 0.672
0, 0.497
0, 0.022
1, -0.167
2, -0.230
3, -0.230
4, -0.685
5, -0.671
6, -1.097
7, -1.097
8, -1.517
9, -1.706
10, -2.182
11, -2.342
12, -2.615
13, -2.615
14, -3.091
15, -3.084
16, -3.455
17, -3.476
18, -4.092
19, -4.239
20, -4.610
21, -4.785
22, -5.023
22, -5.037
21, -5.527
20, -5.534
19, -5.548
18, -5.562
17, -5.394
16, -5.310
15, -4.960
14, -4.904
13, -4.533
12, -4.483
11, -4.008
10, -3.931
9, -3.434
8, -3.406
7, -3.000
6, -2.867
5, -2.468
4, -2.251
3, -1.950
2, -1.943
1, -1.398
0, -1.377
-1, -0.880
-2, -0.838
-3, -0.412
-4, -0.307
-5, 0.064
-6, 0.225
-7, 0.679
-8, 0.714
-9, 1.057
-10, 1.071
-11, 1.470
-12, 1.505
-13, 2.008
-14, 2.134
-15, 2.540
-16, 2.687
-17, 2.995
-18, 3.002
-19, 3.435
-20, 3.435
-21, 3.820
-22, 3.834
-22, 4.303
-21, 4.401
-20, 4.618
-19, 4.604
-18, 4.583
-17, 4.401
-16, 4.135
-15, 4.135
-14, 3.736
-13, 3.736
-12, 3.330
-11, 3.239
-10, 2.911
-9, 2.771
-8, 2.323
-7, 2.323
-6, 1.854
-5, 1.868
-4, 1.449
-3, 1.442
-2, 1.015
-1, 1.008
0, 0.483
0, 0.274
1, -0.083
2, -0.104
3, -0.349
4, -0.342
5, -0.727
6, -0.727
7, -1.216
8, -1.258
9, -1.818
10, -1.909
11, -2.293
12, -2.419
13, -2.762
14, -2.769
15, -3.245
16, -3.259
17, -3.574
18, -3.707
19, -4.393
20, -4.449
21, -4.799
22, -4.805
22, -5.219
21, -5.233
20, -5.478
19, -5.478
18, -5.492
17, -5.436
16, -5.107
15, -5.072
14, -4.694
13, -4.519
12, -4.225
11, -4.211
10, -3.609
9, -3.539
8, -3.182
7, -3.133
6, -2.699
5, -2.566
4, -2.168
3, -2.168
2, -1.664
1, -1.629
0, -1.160
-1, -1.125
-2, -0.671
-3, -0.608
-4, -0.153
-5, 0.022
-6, 0.371
-7, 0.574
-8, 0.882
-9, 0.882
-10, 1.308
-11, 1.336
-12, 1.728
-13, 1.784
-14, 2.288
-15, 2.385
-16, 2.784
-17, 2.938
-18, 3.162
-19, 3.162
-20, 3.603
-21, 3.610
-22, 3.974
-22, 4.085
-21, 4.505
-20, 4.547
-19, 4.526
-18, 4.519
-17, 4.226
-16, 4.233
-15, 3.855
-14, 3.848
-13, 3.491
-12, 3.435
-11, 3.043
-10, 2.938
-9, 2.477
-8, 2.330
-7, 1.994
-6, 2.001
-5, 1.539
-4, 1.539
-3, 1.099
-2, 1.078
-1, 0.707
0, 0.595
0, 0.057
1, -0.097
2, -0.216
3, -0.216
4, -0.678
5, -0.678
6, -1.097
7, -1.097
8, -1.510
9, -1.685
10, -2.196
11, -2.335
12, -2.608
13, -2.601
14, -3.112
15, -3.112
16, -3.483
17, -3.518
18, -3.875
19, -4.057
20, -4.631
21, -4.764
22, -5.051
22, -5.198
21, -5.506
20, -5.513
19, -5.506
18, -5.506
17, -5.338
16, -5.275
15, -4.925
14, -4.827
13, -4.484
12, -4.477
11, -3.938
10, -3.861
9, -3.392
8, -3.385
7, -2.958
6, -2.846
5, -2.427
4, -2.231
3, -1.930
2, -1.937
1, -1.314
0, -1.300
-1, -0.909
-2, -0.853
-3, -0.405
-4, -0.300
-5, 0.105
-6, 0.217
-7, 0.672
-8, 0.889
-9, 1.092
-10, 1.099
-11, 1.539
-12, 1.553
-13, 1.987
-14, 2.050
-15, 2.539
-16, 2.665
-17, 2.966
-18, 3.092
-19, 3.400
-20, 3.407
-21, 3.792
-22, 3.799
-22, 4.261
-21, 4.338
-20, 4.534
-19, 4.520
-18, 4.506
-17, 4.303
-16, 4.023
-15, 4.030
-14, 3.659
-13, 3.645
-12, 3.239
-11, 3.197
-10, 2.820
-9, 2.666
-8, 2.218
-7, 2.064
-6, 1.819
-5, 1.819
-4, 1.309
-3, 1.309
-2, 0.896
-1, 0.889
0, 0.385
0, 0.190
1, -0.181
2, -0.188
3, -0.398
4, -0.412
5, -0.832
6, -0.832
7, -1.265
8, -1.265
9, -1.874
10, -1.979
11, -2.363
12, -2.475
13, -2.811
14, -2.818
15, -3.280
16, -3.287
17, -3.623
18, -3.637
19, -4.379
20, -4.484
21, -4.855
22, -4.960
22, -5.296
21, -5.450
20, -5.576
19, -5.576
18, -5.527
17, -5.534
16, -5.184
15, -5.156
14, -4.750
13, -4.568
12, -4.288
11, -4.127
10, -3.623
9, -3.630
8, -3.259
7, -3.252
6, -2.790
5, -2.741
4, -2.245
3, -2.140
2, -1.783
1, -1.573
0, -1.203
-1, -1.210
-2, -0.748
-3, -0.748
-4, -0.328
-5, -0.237
-6, 0.203
-7, 0.357
-8, 0.756
-9, 0.861
-10, 1.154
-11, 1.161
-12, 1.616
-13, 1.658
-14, 2.155
-15, 2.218
-16, 2.623
-17, 2.700
-18, 3.036
-19, 3.127
-20, 3.477
-21, 3.617
-22, 3.862
-22, 3.869
-21, 4.394
-20, 4.401
-19, 4.408
-18, 4.401
-17, 4.128
-16, 4.009
-15, 3.715
-14, 3.526
-13, 3.337
-12, 3.337
-11, 2.925
-10, 2.904
-9, 2.435
-8, 2.337
-7, 1.938
-6, 1.903
-5, 1.484
-4, 1.337
-3, 0.994
-2, 0.987
-1, 0.637
0, 0.623
0, -0.055
1, -0.111
2, -0.286
3, -0.300
4, -0.734
5, -0.818
6, -1.146
7, -1.146
8, -1.552
9, -1.594
10, -2.245
11, -2.314
12, -2.643
13, -2.790
14, -3.098
15, -3.252
16, -3.518
17, -3.518
18, -4.183
19, -4.253
20, -4.610
21, -4.750
22, -5.058
22, -5.177
21, -5.520
20, -5.534
19, -5.548
18, -5.548
17, -5.394
16, -5.317
15, -4.995
14, -4.925
13, -4.568
12, -4.372
11, -4.001
10, -3.658
9, -3.427
8, -3.413
7, -2.972
6, -2.930
5, -2.539
4, -2.357
3, -1.979
2, -1.853
1, -1.384
0, -1.161
-1, -0.902
-2, -0.867
-3, -0.412
-4, -0.370
-5, 0.028
-6, 0.175
-7, 0.637
-8, 0.798
-9, 1.078
-10, 1.259
-11, 1.553
-12, 1.567
-13, 2.022
-14, 2.050
-15, 2.518
-16, 2.623
-17, 2.994
-18, 3.113
-19, 3.400
-20, 3.568
-21, 3.806
-22, 3.806
-22, 4.309
-21, 4.401
-20, 4.562
-19, 4.540
-18, 4.520
-17, 4.310
-16, 4.037
-15, 4.058
-14, 3.680
-13, 3.666
-12, 3.302
-11, 3.225
-10, 2.868
-9, 2.623
-8, 2.281
-7, 2.057
-6, 1.847
-5, 1.812
-4, 1.364
-3, 1.364
-2, 0.952
-1, 0.959
0, 0.392
0, 0.182
1, -0.146
2, -0.167
3, -0.398
4, -0.552
5, -0.783
6, -0.797
7, -1.258
8, -1.328
9, -1.846
10, -1.979
11, -2.343
12, -2.518
13, -2.804
14, -3.007
15, -3.273
16, -3.294
17, -3.630
18, -3.707
19, -4.379
20, -4.477
21, -4.855
22, -4.995
22, -5.268
21, -5.478
20, -5.548
19, -5.548
18, -5.548
17, -5.506
16, -5.198
15, -5.142
14, -4.799
13, -4.589
12, -4.260
11, -4.120
10, -3.630
9, -3.602
8, -3.287
7, -3.196
6, -2.783
5, -2.651
4, -2.252
3, -2.049
2, -1.734
1, -1.468
0, -1.168
-1, -1.161
-2, -0.748
-3, -0.678
-4, -0.251
-5, -0.070
-6, 0.280
-7, 0.504
-8, 0.840
-9, 1.007
-10, 1.259
-11, 1.294
-12, 1.707
-13, 1.784
-14, 2.232
-15, 2.420
-16, 2.756
-17, 2.910
-18, 3.169
-19, 3.323
-20, 3.568
-21, 3.568
-22, 3.960
-22, 4.142
-21, 4.513
-20, 4.555
-19, 4.555
-18, 4.541
-17, 4.275
-16, 4.100
-15, 3.876
-14, 3.869
-13, 3.540
-12, 3.449
-11, 3.071
-10, 2.938
-9, 2.533
-8, 2.337
-7, 2.064
-6, 1.931
-5, 1.595
-4, 1.595
-3, 1.148
-2, 1.113
-1, 0.735
0, 0.630
0, 0.113
1, -0.006
2, -0.174
3, -0.307
4, -0.629
5, -0.636
6, -1.034
7, -1.041
8, -1.517
9, -1.741
10, -2.147
11, -2.252
12, -2.559
13, -2.748
14, -3.028
15, -3.231
16, -3.455
17, -3.462
18, -3.930
19, -4.133
20, -4.546
21, -4.736
22, -5.015
22, -5.155
21, -5.520
20, -5.534
19, -5.569
18, -5.575
17, -5.394
16, -5.317
15, -4.980
14, -4.904
13, -4.568
12, -4.329
11, -3.987
10, -3.861
9, -3.497
8, -3.413
7, -3.049
6, -2.853
5, -2.524
4, -2.314
3, -2.014
2, -1.804
1, -1.426
0, -1.398
-1, -0.971
-2, -0.846
-3, -0.461
-4, -0.272
-5, 0.057
-6, 0.239
-7, 0.623
-8, 0.854
-9, 1.050
-10, 1.043
-11, 1.449
-12, 1.525
-13, 1.987
-14, 2.162
-15, 2.554
-16, 2.735
-17, 3.008
-18, 3.148
-19, 3.442
-20, 3.456
-21, 3.827
-22, 3.890
-22, 4.289
-21, 4.457
-20, 4.604
-19, 4.604
-18, 4.604
-17, 4.548
-16, 4.142
-15, 4.135
-14, 3.771
-13, 3.722
-12, 3.365
-11, 3.204
-10, 2.974
-9, 2.708
-8, 2.365
-7, 2.134
-6, 1.931
-5, 1.903
-4, 1.463
-3, 1.463
-2, 1.078
-1, 1.064
0, 0.547
0, 0.281
1, 0.001
2, -0.027
3, -0.230
4, -0.244
5, -0.671
6, -0.712
7, -1.125
8, -1.237
9, -1.734
10, -1.937
11, -2.188
12, -2.426
13, -2.650
14, -2.650
15, -3.119
16, -3.175
17, -3.462
18, -3.713
19, -4.245
20, -4.385
21, -4.693
22, -4.679
22, -5.127
21, -5.176
20, -5.379
19, -5.365
18, -5.379
17, -5.316
16, -5.029
15, -4.959
14, -4.595
13, -4.455
12, -4.133
11, -4.126
10, -3.581
9, -3.489
8, -3.161
7, -3.063
6, -2.664
5, -2.496
4, -2.167
3, -1.950
2, -1.601
1, -1.566
0, -1.104
-1, -1.062
-2, -0.657
-3, -0.552
-4, -0.139
-5, 0.008
-6, 0.393
-7, 0.630
-8, 0.917
-9, 0.910
-10, 1.337
-11, 1.386
-12, 1.756
-13, 1.868
-14, 2.344
-15, 2.484
-16, 2.840
-17, 3.001
-18, 3.232
-19, 3.225
-20, 3.673
-21, 3.687
-22, 4.016
-22, 4.170
-21, 4.569
-20, 4.625
-19, 4.611
-18, 4.590
-17, 4.303
-16, 4.303
-15, 3.925
-14, 3.904
-13, 3.561
-12, 3.498
-11, 3.134
-10, 3.008
-9, 2.582
-8, 2.379
-7, 2.113
-6, 1.945
-5, 1.658
-4, 1.651
-3, 1.204
-2, 1.176
-1, 0.770
0, 0.651
0, 0.162
1, -0.013
2, -0.083
3, -0.251
4, -0.580
5, -0.587
6, -0.957
7, -1.013
8, -1.419
9, -1.608
10, -2.076
11, -2.251
12, -2.496
13, -2.678
14, -2.958
15, -2.965
16, -3.378
17, -3.427
18, -3.923
19, -4.175
20, -4.497
21, -4.693
22, -4.946
22, -4.932
21, -5.394
20, -5.415
19, -5.408
18, -5.401
17, -5.261
16, -5.148
15, -4.876
14, -4.757
13, -4.400
12, -4.197
11, -3.881
10, -3.798
9, -3.343
8, -3.301
7, -2.937
6, -2.769
5, -2.412
4, -2.118
3, -1.888
2, -1.692
1, -1.265
0, -1.279
-1, -0.845
-2, -0.747
-3, -0.419
-4, -0.230
-5, 0.120
-6, 0.302
-7, 0.679
-8, 0.896
-9, 1.099
-10, 1.113
-11, 1.490
-12, 1.574
-13, 1.966
-14, 2.204
-15, 2.540
-16, 2.708
-17, 2.966
-18, 2.945
-19, 3.365
-20, 3.379
-21, 3.729
-22, 3.813
-22, 4.205
-21, 4.359
-20, 4.506
-19, 4.499
-18, 4.478
-17, 4.415
-16, 3.981
-15, 3.995
-14, 3.617
-13, 3.582
-12, 3.191
-11, 3.023
-10, 2.778
-9, 2.561
-8, 2.162
-7, 2.169
-6, 1.708
-5, 1.694
-4, 1.267
-3, 1.246
-2, 0.847
-1, 0.819
0, 0.295
0, 0.043
1, -0.265
2, -0.286
3, -0.510
4, -0.531
5, -0.936
6, -0.936
7, -1.391
8, -1.573
9, -1.985
10, -2.202
11, -2.461
12, -2.461
13, -2.895
14, -2.937
15, -3.371
16, -3.490
17, -3.720
18, -3.937
19, -4.525
20, -4.672
21, -4.924
22, -4.946
22, -5.358
21, -5.401
20, -5.603
19, -5.596
18, -5.625
17, -5.541
16, -5.240
15, -5.155
14, -4.819
13, -4.658
12, -4.322
11, -4.294
10, -3.728
9, -3.623
8, -3.322
7, -3.175
6, -2.811
5, -2.650
4, -2.293
3, -2.076
2, -1.741
1, -1.706
0, -1.223
-1, -1.153
-2, -0.776
-3, -0.622
-4, -0.237
-5, -0.041
-6, 0.329
-7, 0.560
-8, 0.847
-9, 0.847
-10, 1.239
-11, 1.308
-12, 1.679
-13, 1.868
-14, 2.295
-15, 2.470
-16, 2.728
-17, 2.770
-18, 3.141
-19, 3.162
-20, 3.561
-21, 3.652
-22, 3.967
-22, 4.198
-21, 4.492
-20, 4.534
-19, 4.520
-18, 4.513
-17, 4.240
-16, 4.184
-15, 3.876
-14, 3.729
-13, 3.421
-12, 3.274
-11, 3.001
-10, 2.826
-9, 2.484
-8, 2.421
-7, 1.952
-6, 1.966
-5, 1.546
-4, 1.456
-3, 1.099
-2, 0.924
-1, 0.700
0, 0.393
0, 0.022
1, -0.013
2, -0.209
3, -0.223
4, -0.692
5, -0.698
6, -1.090
7, -1.125
8, -1.510
9, -1.832
10, -2.202
11, -2.230
12, -2.601
13, -2.678
14, -3.063
15, -3.140
16, -3.483
17, -3.602
18, -4.098
19, -4.385
20, -4.588
21, -4.588
22, -5.022
22, -5.079
21, -5.471
20, -5.520
19, -5.520
18, -5.569
17, -5.366
16, -5.205
15, -4.939
14, -4.953
13, -4.589
12, -4.470
11, -4.064
10, -3.784
9, -3.427
8, -3.273
7, -2.986
6, -2.762
5, -2.447
4, -2.371
3, -1.958
2, -1.846
1, -1.384
0, -1.230
-1, -0.860
-2, -0.685
-3, -0.405
-4, -0.188
-5, 0.091
-6, 0.112
-7, 0.623
-8, 0.742
-9, 1.077
-10, 1.231
-11, 1.560
-12, 1.756
-13, 2.036
-14, 2.078
-15, 2.539
-16, 2.609
-17, 2.966
-18, 3.078
-19, 3.428
-20, 3.554
-21, 3.855
-22, 4.016
-22, 4.352
-21, 4.415
-20, 4.604
-19, 4.604
-18, 4.562
-17, 4.520
-16, 4.135
-15, 4.023
-14, 3.722
-13, 3.596
-12, 3.309
-11, 3.120
-10, 2.889
-9, 2.806
-8, 2.344
-7, 2.288
-6, 1.875
-5, 1.735
-4, 1.413
-3, 1.302
-2, 0.959
-1, 0.805
0, 0.385
0, 0.322
1, -0.202
2, -0.202
3, -0.405
4, -0.489
5, -0.832
6, -0.908
7, -1.300
8, -1.391
9, -1.923
10, -2.056
11, -2.384
12, -2.587
13, -2.853
14, -3.070
15, -3.301
16, -3.336
17, -3.686
18, -3.798
19, -4.442
20, -4.554
21, -4.883
22, -5.058
22, -5.296
21, -5.499
20, -5.583
19, -5.583
18, -5.597
17, -5.569
16, -5.254
15, -5.205
14, -4.855
13, -4.645
12, -4.323
11, -4.169
10, -3.672
9, -3.679
8, -3.301
7, -3.245
6, -2.846
5, -2.734
4, -2.315
3, -2.189
2, -1.811
1, -1.531
0, -1.251
-1, -1.265
-2, -0.818
-3, -0.762
-4, -0.335
-5, -0.174
-6, 0.217
-7, 0.462
-8, 0.770
-9, 0.924
-10, 1.190
-11, 1.211
-12, 1.637
-13, 1.721
-14, 2.162
-15, 2.323
-16, 2.617
-17, 2.784
-18, 3.106
-19, 3.267
-20, 3.547
-21, 3.533
-22, 3.932
-22, 3.995
-21, 4.422
-20, 4.478
-19, 4.485
-18, 4.471
-17, 4.219
-16, 4.072
-15, 3.806
-14, 3.596
-13, 3.407
-12, 3.407
-11, 3.029
-10, 2.946
-9, 2.519
-8, 2.337
-7, 2.022
-6, 1.945
-5, 1.540
-4, 1.330
-3, 1.092
-2, 1.064
-1, 0.693
0, 0.574
0, 0.036
1, -0.083
2, -0.209
3, -0.244
4, -0.656
5, -0.663
6, -1.048
7, -1.055
8, -1.503
9, -1.727
10, -2.153
11, -2.293
12, -2.552
13, -2.755
14, -3.021
15, -3.028
16, -3.440
17, -3.440
18, -3.979
19, -4.217
20, -4.525
21, -4.686
22, -5.022
22, -5.169
21, -5.484
20, -5.505
19, -5.498
18, -5.498
17, -5.352
16, -5.247
15, -4.953
14, -4.861
13, -4.518
12, -4.301
11, -3.973
10, -3.889
9, -3.434
8, -3.399
7, -3.007
6, -2.895
5, -2.517
4, -2.245
3, -1.972
2, -1.776
1, -1.377
0, -1.370
-1, -0.860
-2, -0.839
-3, -0.503
-4, -0.286
-5, 0.084
-6, 0.238
-7, 0.679
-8, 0.882
-9, 1.063
-10, 1.077
-11, 1.462
-12, 1.532
-13, 1.980
-14, 2.176
-15, 2.539
-16, 2.693
-17, 2.973
-18, 3.148
-19, 3.449
-20, 3.442
-21, 3.848
-22, 3.883
-22, 4.303
-21, 4.380
-20, 4.646
-19, 4.611
-18, 4.618
-17, 4.359
-16, 4.121
-15, 4.128
-14, 3.757
-13, 3.729
-12, 3.373
-11, 3.247
-10, 2.981
-9, 2.799
-8, 2.351
-7, 2.148
-6, 1.938
-5, 1.904
-4, 1.456
-3, 1.456
-2, 1.029
-1, 1.015
0, 0.652
0, 0.358
1, -0.055
2, -0.083
3, -0.279
4, -0.293
5, -0.726
6, -0.740
7, -1.160
8, -1.328
9, -1.796
10, -2.069
11, -2.300
12, -2.335
13, -2.727
14, -2.769
15, -3.181
16, -3.279
17, -3.566
18, -3.895
19, -4.378
20, -4.497
21, -4.770
22, -4.798
22, -5.225
21, -5.267
20, -5.463
19, -5.449
18, -5.477
17, -5.407
16, -5.113
15, -5.015
14, -4.700
13, -4.658
12, -4.210
11, -4.182
10, -3.615
9, -3.503
8, -3.195
7, -3.035
6, -2.713
5, -2.545
4, -2.202
3, -2.167
2, -1.741
1, -1.615
0, -1.132
-1, -0.964
-2, -0.643
-3, -0.433
-4, -0.139
-5, -0.153
-6, 0.414
-7, 0.448
-8, 0.889
-9, 0.952
-10, 1.316
-11, 1.470
-12, 1.749
-13, 1.945
-14, 2.330
-15, 2.505
-16, 2.785
-17, 2.820
-18, 3.155
-19, 3.218
-20, 3.589
-21, 3.680
-22, 3.995
-22, 4.240
-21, 4.520
-20, 4.562
-19, 4.534
-18, 4.527
-17, 4.247
-16, 4.198
-15, 3.869
-14, 3.729
-13, 3.449
-12, 3.296
-11, 3.030
-10, 2.848
-9, 2.491
-8, 2.463
-7, 2.002
-6, 2.009
-5, 1.575
-4, 1.512
-3, 1.162
-2, 0.994
-1, 0.715
0, 0.659
0, 0.071
1, 0.022
2, -0.194
3, -0.208
4, -0.698
5, -0.775
6, -1.083
7, -1.181
8, -1.544
9, -1.600
10, -2.160
11, -2.195
12, -2.587
13, -2.664
14, -3.062
15, -3.195
16, -3.461
17, -3.622
18, -4.119
19, -4.168
20, -4.630
21, -4.637
22, -4.987
22, -5.057
21, -5.498
20, -5.533
19, -5.547
18, -5.596
17, -5.330
16, -5.323
15, -4.945
14, -4.931
13, -4.567
12, -4.427
11, -4.035
10, -3.762
9, -3.440
8, -3.314
7, -3.007
6, -2.797
5, -2.482
4, -2.433
3, -2.013
2, -1.922
1, -1.447
0, -1.251
-1, -0.929
-2, -0.726
-3, -0.398
-4, -0.412
-5, 0.029
-6, 0.085
-7, 0.526
-8, 0.630
-9, 1.001
-10, 1.148
-11, 1.456
-12, 1.659
-13, 1.931
-14, 2.162
-15, 2.477
-16, 2.540
-17, 2.848
-18, 2.952
-19, 3.295
-20, 3.372
-21, 3.736
-22, 3.862
-22, 4.156
-21, 4.394
-20, 4.485
-19, 4.499
-18, 4.450
-17, 4.408
-16, 4.030
-15, 3.939
-14, 3.603
-13, 3.498
-12, 3.184
-11, 2.988
-10, 2.771
-9, 2.750
-8, 2.183
-7, 2.190
-6, 1.771
-5, 1.666
-4, 1.330
-3, 1.162
-2, 0.868
-1, 0.679
0, 0.302
0, 0.260
1, -0.258
2, -0.251
3, -0.446
4, -0.495
5, -0.852
6, -0.943
7, -1.293
8, -1.524
9, -1.936
10, -1.992
11, -2.398
12, -2.433
13, -2.797
14, -2.916
15, -3.258
16, -3.447
17, -3.657
18, -3.958
19, -4.427
20, -4.427
21, -4.805
22, -4.882
22, -5.211
21, -5.372
20, -5.484
19, -5.484
18, -5.519
17, -5.408
16, -5.134
15, -5.120
14, -4.763
13, -4.581
12, -4.238
11, -4.147
10, -3.623
9, -3.475
8, -3.189
7, -3.014
6, -2.713
5, -2.685
4, -2.223
3, -2.090
2, -1.727
1, -1.545
0, -1.118
-1, -0.950
-2, -0.685
-3, -0.454
-4, -0.188
-5, -0.167
-6, 0.281
-7, 0.393
-8, 0.833
-9, 0.945
-10, 1.253
-11, 1.435
-12, 1.700
-13, 1.910
-14, 2.253
-15, 2.288
-16, 2.680
-17, 2.771
-18, 3.057
-19, 3.169
-20, 3.498
-21, 3.610
-22, 3.925
-22, 4.135
-21, 4.422
-20, 4.464
-19, 4.443
-18, 4.429
-17, 4.191
-16, 4.086
-15, 3.792
-14, 3.624
-13, 3.351
-12, 3.183
-11, 2.897
-10, 2.918
-9, 2.421
-8, 2.393
-7, 1.924
-6, 1.917
-5, 1.505
-4, 1.316
-3, 1.043
-2, 0.868
-1, 0.624
0, 0.568
0, -0.034
1, -0.076
2, -0.286
3, -0.293
4, -0.754
5, -0.845
6, -1.146
7, -1.258
8, -1.607
9, -1.663
10, -2.258
11, -2.272
12, -2.664
13, -2.762
14, -3.118
15, -3.258
16, -3.545
17, -3.720
18, -4.189
19, -4.252
20, -4.693
21, -4.721
22, -5.078
22, -5.190
21, -5.561
20, -5.596
19, -5.610
18, -5.638
17, -5.428
16, -5.414
15, -5.078
14, -5.008
13, -4.637
12, -4.455
11, -4.112
10, -3.797
9, -3.482
8, -3.496
7, -3.007
6, -3.007
5, -2.587
4, -2.398
3, -2.041
2, -1.929
1, -1.433
0, -1.188
-1, -0.873
-2, -0.726
-3, -0.433
-4, -0.405
-5, 0.015
-6, 0.120
-7, 0.616
-8, 0.728
-9, 1.050
-10, 1.204
-11, 1.491
-12, 1.693
-13, 2.029
-14, 2.029
-15, 2.512
-16, 2.603
-17, 2.959
-18, 3.099
-19, 3.435
-20, 3.596
-21, 3.834
-22, 4.002
-22, 4.289
-21, 4.366
-20, 4.604
-19, 4.583
-18, 4.555
-17, 4.422
-16, 4.142
-15, 3.960
-14, 3.694
-13, 3.561
-12, 3.296
-11, 3.247
-10, 2.890
-9, 2.708
-8, 2.309
-7, 2.148
-6, 1.855
-5, 1.631
-4, 1.379
-3, 1.379
-2, 0.910
-1, 0.917
0, 0.407
0, 0.211
1, -0.167
2, -0.188
3, -0.391
4, -0.622
5, -0.838
6, -0.859
7, -1.321
8, -1.335
9, -1.929
10, -1.978
11, -2.405
12, -2.573
13, -2.818
14, -3.028
15, -3.322
16, -3.336
17, -3.692
18, -3.790
19, -4.413
20, -4.497
21, -4.861
22, -4.973
22, -5.288
21, -5.484
20, -5.575
19, -5.589
18, -5.555
17, -5.562
16, -5.240
15, -5.191
14, -4.826
13, -4.610
12, -4.302
11, -4.155
10, -3.651
9, -3.644
8, -3.287
7, -3.231
6, -2.853
5, -2.748
4, -2.287
3, -2.098
2, -1.769
1, -1.531
0, -1.202
-1, -1.216
-2, -0.769
-3, -0.713
-4, -0.293
-5, -0.111
-6, 0.273
-7, 0.490
-8, 0.819
-9, 0.980
-10, 1.225
-11, 1.260
-12, 1.665
-13, 1.714
-14, 2.211
-15, 2.323
-16, 2.658
-17, 2.848
-18, 3.127
-19, 3.281
-20, 3.568
-21, 3.561
-22, 3.967
-22, 4.079
-21, 4.443
-20, 4.499
-19, 4.499
-18, 4.492
-17, 4.219
-16, 4.051
-15, 3.862
-14, 3.806
-13, 3.428
-12, 3.380
-11, 3.037
-10, 2.904
-9, 2.491
-8, 2.295
-7, 1.994
-6, 1.785
-5, 1.547
-4, 1.533
-3, 1.029
-2, 0.987
-1, 0.637
0, 0.526
0, -0.013
1, -0.216
2, -0.258
3, -0.426
4, -0.691
5, -0.705
6, -1.160
7, -1.167
8, -1.587
9, -1.803
10, -2.188
11, -2.363
12, -2.643
13, -2.832
14, -3.091
15, -3.112
16, -3.510
17, -3.531
18, -4.063
19, -4.287
20, -4.623
21, -4.784
22, -5.064
22, -5.232
21, -5.519
20, -5.540
19, -5.540
18, -5.540
17, -5.408
16, -5.274
15, -4.987
14, -4.896
13, -4.532
12, -4.343
11, -4.029
10, -3.937
9, -3.476
8, -3.420
7, -3.042
6, -2.888
5, -2.524
4, -2.300
3, -2.006
2, -1.811
1, -1.426
0, -1.398
-1, -0.992
-2, -0.894
-3, -0.524
-4, -0.335
-5, 0.036
-6, 0.197
-7, 0.588
-8, 0.819
-9, 1.022
-10, 1.001
-11, 1.476
-12, 1.504
-13, 1.889
-14, 2.120
-15, 2.498
-16, 2.652
-17, 2.952
-18, 3.071
-19, 3.372
-20, 3.379
-21, 3.771
-22, 3.799
-22, 4.205
-21, 4.380
-20, 4.520
-19, 4.506
-18, 4.499
-17, 4.261
-16, 4.009
-15, 4.016
-14, 3.638
-13, 3.617
-12, 3.253
-11, 3.135
-10, 2.806
-9, 2.596
-8, 2.260
-7, 2.050
-6, 1.820
-5, 1.785
-4, 1.337
-3, 1.344
-2, 0.896
-1, 0.889
0, 0.386
0, 0.162
1, -0.174
2, -0.188
3, -0.384
4, -0.398
5, -0.817
6, -0.824
7, -1.272
8, -1.342
9, -1.880
10, -2.097
11, -2.363
12, -2.545
13, -2.804
14, -2.811
15, -3.286
16, -3.300
17, -3.643
18, -3.755
19, -4.378
20, -4.462
21, -4.812
22, -4.966
22, -5.211
21, -5.414
20, -5.484
19, -5.477
18, -5.498
17, -5.407
16, -5.113
15, -5.057
14, -4.686
13, -4.504
12, -4.182
11, -4.189
10, -3.552
9, -3.531
8, -3.216
7, -3.105
6, -2.706
5, -2.559
4, -2.083
3, -1.929
2, -1.656
1, -1.397
0, -1.153
-1, -1.125
-2, -0.719
-3, -0.642
-4, -0.209
-5, -0.013
-6, 0.330
-7, 0.540
-8, 0.848
-9, 1.001
-10, 1.225
-11, 1.218
-12, 1.624
-13, 1.722
-14, 2.184
-15, 2.344
-16, 2.666
-17, 2.834
-18, 3.107
-19, 3.275
-20, 3.548
-21, 3.534
-22, 3.918
-22, 4.051
-21, 4.422
-20, 4.464
-19, 4.485
-18, 4.464
-17, 4.192
-16, 4.038
-15, 3.849
-14, 3.800
-13, 3.443
-12, 3.408
-11, 3.023
-10, 2.925
-9, 2.506
-8, 2.296
-7, 2.009
-6, 1.813
-5, 1.561
-4, 1.554
-3, 1.065
-2, 1.009
-1, 0.708
0, 0.540
0, 0.078
1, -0.110
2, -0.187
3, -0.299
4, -0.649
5, -0.656
6, -1.048
7, -1.075
8, -1.509
9, -1.712
10, -2.160
11, -2.328
12, -2.607
13, -2.775
14, -3.069
15, -3.062
16, -3.510
17, -3.503
18, -4.028
19, -4.259
20, -4.602
21, -4.770
22, -5.071
22, -5.225
21, -5.554
20, -5.561
19, -5.582
18, -5.589
17, -5.407
16, -5.295
15, -5.022
14, -4.910
13, -4.567
12, -4.329
11, -4.000
10, -3.895
9, -3.475
8, -3.447
7, -3.091
6, -3.000
5, -2.580
4, -2.370
3, -1.999
2, -1.803
1, -1.419
0, -1.412
-1, -0.915
-2, -0.915
-3, -0.566
-4, -0.454
-5, -0.020
-6, 0.127
-7, 0.560
-8, 0.770
-9, 0.973
-10, 1.141
-11, 1.414
-12, 1.434
-13, 1.833
-14, 2.008
-15, 2.372
-16, 2.561
-17, 2.847
-18, 3.022
-19, 3.260
-20, 3.267
-21, 3.708
-22, 3.715
-22, 4.128
-21, 4.253
-20, 4.456
-19, 4.442
-18, 4.443
-17, 4.191
-16, 3.953
-15, 3.967
-14, 3.561
-13, 3.547
-12, 3.162
-11, 3.029
-10, 2.743
-9, 2.554
-8, 2.162
-7, 1.952
-6, 1.749
-5, 1.714
-4, 1.260
-3, 1.260
-2, 0.833
-1, 0.812
0, 0.288
0, 0.099
1, -0.251
2, -0.265
3, -0.475
4, -0.496
5, -0.866
6, -0.866
7, -1.328
8, -1.419
9, -1.929
10, -2.069
11, -2.433
12, -2.594
13, -2.867
14, -2.867
15, -3.335
16, -3.349
17, -3.685
18, -3.839
19, -4.476
20, -4.588
21, -4.889
22, -5.071
22, -5.330
21, -5.379
20, -5.596
19, -5.582
18, -5.603
17, -5.533
16, -5.204
15, -5.120
14, -4.777
13, -4.595
12, -4.266
11, -4.266
10, -3.713
9, -3.643
8, -3.265
7, -3.147
6, -2.776
5, -2.622
4, -2.237
3, -2.027
2, -1.733
1, -1.678
0, -1.132
-1, -1.097
-2, -0.712
-3, -0.594
-4, -0.181
-5, 0.064
-6, 0.393
-7, 0.609
-8, 0.889
-9, 0.882
-10, 1.316
-11, 1.351
-12, 1.672
-13, 1.763
-14, 2.309
-15, 2.470
-16, 2.743
-17, 2.917
-18, 3.169
-19, 3.155
-20, 3.554
-21, 3.603
-22, 3.967
-22, 4.184
-21, 4.492
-20, 4.520
-19, 4.520
-18, 4.499
-17, 4.205
-16, 4.205
-15, 3.862
-14, 3.771
-13, 3.456
-12, 3.345
-11, 2.995
-10, 2.841
-9, 2.456
-8, 2.267
-7, 1.995
-6, 1.995
-5, 1.540
-4, 1.505
-3, 1.050
-2, 0.974
-1, 0.652
0, 0.337
0, 0.015
1, -0.194
2, -0.229
3, -0.222
4, -0.691
5, -0.691
6, -1.090
7, -1.132
8, -1.544
9, -1.838
10, -2.209
11, -2.244
12, -2.628
13, -2.649
14, -3.076
15, -3.097
16, -3.496
17, -3.608
18, -4.140
19, -4.385
20, -4.637
21, -4.651
22, -5.043
22, -5.098
21, -5.505
20, -5.568
19, -5.568
18, -5.624
17, -5.393
16, -5.232
15, -4.959
14, -4.966
13, -4.602
12, -4.490
11, -4.105
10, -3.846
9, -3.454
8, -3.335
7, -3.027
6, -2.803
5, -2.530
4, -2.439
3, -2.020
2, -1.971
1, -1.432
0, -1.264
-1, -0.929
-2, -0.719
-3, -0.418
-4, -0.222
-5, 0.071
-6, 0.099
-7, 0.631
-8, 0.708
-9, 1.022
-10, 1.099
-11, 1.484
-12, 1.680
-13, 1.967
-14, 2.205
-15, 2.540
-16, 2.582
-17, 2.960
-18, 2.981
-19, 3.359
-20, 3.478
-21, 3.779
-22, 3.926
-22, 4.219
-21, 4.450
-20, 4.528
-19, 4.506
-18, 4.451
-17, 4.367
-16, 4.038
-15, 3.905
-14, 3.597
-13, 3.443
-12, 3.142
-11, 2.953
-10, 2.723
-9, 2.681
-8, 2.212
-7, 2.114
-6, 1.722
-5, 1.596
-4, 1.268
-3, 1.114
-2, 0.813
-1, 0.687
0, 0.275
0, 0.212
1, -0.306
2, -0.327
3, -0.530
4, -0.579
5, -0.963
6, -1.026
7, -1.383
8, -1.628
9, -2.040
10, -2.089
11, -2.509
12, -2.530
13, -2.880
14, -2.971
15, -3.349
16, -3.523
17, -3.754
18, -3.985
19, -4.531
20, -4.531
21, -4.909
22, -4.951
22, -5.294
21, -5.420
20, -5.602
19, -5.588
18, -5.631
17, -5.533
16, -5.225
15, -5.225
14, -4.776
13, -4.749
12, -4.357
11, -4.273
10, -3.720
9, -3.587
8, -3.286
7, -3.111
6, -2.796
5, -2.607
4, -2.244
3, -2.230
2, -1.789
1, -1.614
0, -1.202
-1, -1.076
-2, -0.698
-3, -0.481
-4, -0.174
-5, 0.008
-6, 0.351
-7, 0.393
-8, 0.861
-9, 0.917
-10, 1.267
-11, 1.372
-12, 1.722
-13, 1.896
-14, 2.309
-15, 2.498
-16, 2.806
-17, 2.820
-18, 3.142
-19, 3.219
-20, 3.610
-21, 3.722
-22, 4.037
-22, 4.254
-21, 4.534
-20, 4.576
-19, 4.555
-18, 4.541
-17, 4.290
-16, 4.227
-15, 3.919
-14, 3.765
-13, 3.478
-12, 3.331
-11, 3.044
-10, 2.849
-9, 2.513
-8, 2.478
-7, 2.002
-6, 2.009
-5, 1.638
-4, 1.526
-3, 1.128
-2, 1.023
-1, 0.729
0, 0.547
0, 0.072
1, 0.030
2, -0.166
3, -0.194
4, -0.663
5, -0.656
6, -1.075
7, -1.124
8, -1.495
9, -1.838
10, -2.174
11, -2.195
12, -2.600
13, -2.614
14, -3.041
15, -3.062
16, -3.433
17, -3.580
18, -3.993
19, -4.335
20, -4.587
21, -4.587
22, -4.972
22, -5.035
21, -5.427
20, -5.469
19, -5.463
18, -5.505
17, -5.309
16, -5.155
15, -4.889
14, -4.882
13, -4.525
12, -4.406
11, -4.000
10, -3.776
9, -3.370
8, -3.244
7, -2.950
6, -2.726
5, -2.412
4, -2.342
3, -1.943
2, -1.880
1, -1.391
0, -1.237
-1, -0.831
-2, -0.656
-3, -0.349
-4, -0.132
-5, 0.134
-6, 0.176
-7, 0.644
-8, 0.735
-9, 1.092
-10, 1.197
-11, 1.533
-12, 1.680
-13, 2.036
-14, 2.204
-15, 2.554
-16, 2.561
-17, 2.973
-18, 3.036
-19, 3.400
-20, 3.519
-21, 3.799
-22, 3.946
-22, 4.296
-21, 4.485
-20, 4.555
-19, 4.548
-18, 4.506
-17, 4.387
-16, 4.100
-15, 4.024
-14, 3.695
-13, 3.576
-12, 3.233
-11, 3.051
-10, 2.827
-9, 2.799
-8, 2.239
-7, 2.247
-6, 1.827
-5, 1.764
-4, 1.386
-3, 1.302
-2, 0.960
-1, 0.862
0, 0.379
0, 0.106
1, -0.166
2, -0.180
3, -0.383
4, -0.446
5, -0.845
6, -0.852
7, -1.271
8, -1.488
9, -1.887
10, -2.167
11, -2.355
12, -2.362
13, -2.789
14, -2.866
15, -3.265
16, -3.454
17, -3.671
18, -3.916
19, -4.476
20, -4.461
21, -4.875
22, -4.910
22, -5.239
21, -5.365
20, -5.540
19, -5.526
18, -5.540
17, -5.470
16, -5.176
15, -5.064
14, -4.769
13, -4.721
12, -4.350
11, -4.280
10, -3.713
9, -3.559
8, -3.300
7, -3.160
6, -2.831
5, -2.642
4, -2.299
3, -2.285
2, -1.887
1, -1.768
0, -1.320
-1, -1.194
-2, -0.845
-3, -0.691
-4, -0.306
-5, -0.124
-6, 0.274
-7, 0.295
-8, 0.715
-9, 0.757
-10, 1.142
-11, 1.260
-12, 1.603
-13, 1.813
-14, 2.142
-15, 2.163
-16, 2.596
-17, 2.659
-18, 2.995
-19, 3.072
-20, 3.450
-21, 3.569
-22, 3.870
-22, 4.079
-21, 4.381
-20, 4.436
-19, 4.415
-18, 4.395
-17, 4.157
-16, 4.094
-15, 3.800
-14, 3.632
-13, 3.359
-12, 3.212
-11, 2.974
-10, 2.792
-9, 2.408
-8, 2.401
-7, 1.939
-6, 1.946
-5, 1.533
-4, 1.415
-3, 1.037
-2, 0.876
-1, 0.631
0, 0.268
0, -0.019
1, -0.033
2, -0.243
3, -0.250
4, -0.670
5, -0.698
6, -1.068
7, -1.180
8, -1.523
9, -1.579
10, -2.153
11, -2.209
12, -2.544
13, -2.663
14, -3.006
15, -3.125
16, -3.419
17, -3.594
18, -4.105
19, -4.182
20, -4.532
21, -4.623
22, -4.980
22, -5.064
21, -5.449
20, -5.484
19, -5.498
18, -5.547
17, -5.302
16, -5.281
15, -4.945
14, -4.882
13, -4.518
12, -4.329
11, -3.944
10, -3.650
9, -3.356
8, -3.202
7, -2.943
6, -2.908
5, -2.419
4, -2.349
3, -1.922
2, -1.796
1, -1.370
0, -1.202
-1, -0.838
-2, -0.670
-3, -0.397
-4, -0.370
-5, 0.078
-6, 0.113
-7, 0.638
-8, 0.707
-9, 1.022
-10, 1.225
-11, 1.470
-12, 1.470
-13, 1.987
-14, 2.043
-15, 2.512
-16, 2.617
-17, 2.960
-18, 3.093
-19, 3.393
-20, 3.575
-21, 3.806
-22, 3.799
-22, 4.261
-21, 4.310
-20, 4.548
-19, 4.527
-18, 4.492
-17, 4.345
-16, 4.037
-15, 3.911
-14, 3.653
-13, 3.485
-12, 3.191
-11, 3.177
-10, 2.841
-9, 2.645
-8, 2.288
-7, 2.149
-6, 1.834
-5, 1.631
-4, 1.337
-3, 1.086
-2, 0.883
-1, 0.876
0, 0.351
0, 0.247
1, -0.208
2, -0.215
3, -0.481
4, -0.537
5, -0.879
6, -1.047
7, -1.313
8, -1.355
9, -1.936
10, -2.033
11, -2.418
12, -2.530
13, -2.859
14, -3.076
15, -3.349
16, -3.566
17, -3.769
18, -3.789
19, -4.461
20, -4.517
21, -4.930
22, -5.049
22, -5.315
21, -5.525
20, -5.637
19, -5.637
18, -5.651
17, -5.602
16, -5.287
15, -5.238
14, -4.860
13, -4.678
12, -4.335
11, -4.209
10, -3.705
9, -3.531
8, -3.321
7, -3.321
6, -2.831
5, -2.796
4, -2.348
3, -2.243
2, -1.845
1, -1.586
0, -1.243
-1, -1.047
-2, -0.803
-3, -0.761
-4, -0.327
-5, -0.229
-6, 0.218
-7, 0.470
-8, 0.785
-9, 0.911
-10, 1.191
-11, 1.379
-12, 1.638
-13, 1.659
-14, 2.135
-15, 2.268
-16, 2.624
-17, 2.778
-18, 3.107
-19, 3.247
-20, 3.499
-21, 3.506
-22, 3.933
-22, 3.968
-21, 4.429
-20, 4.464
-19, 4.479
-18, 4.458
-17, 4.206
-16, 4.052
-15, 3.793
-14, 3.583
-13, 3.387
-12, 3.394
-11, 2.975
-10, 2.926
-9, 2.464
-8, 2.331
-7, 1.981
-6, 1.834
-5, 1.555
-4, 1.282
-3, 1.030
-2, 0.995
-1, 0.589
0, 0.457
0, -0.040
1, -0.173
2, -0.264
3, -0.341
4, -0.704
5, -0.711
6, -1.110
7, -1.124
8, -1.593
9, -1.739
10, -2.194
11, -2.341
12, -2.635
13, -2.824
14, -3.111
15, -3.314
16, -3.530
17, -3.537
18, -4.013
19, -4.209
20, -4.643
21, -4.790
22, -5.084
22, -5.273
21, -5.602
20, -5.602
19, -5.623
18, -5.623
17, -5.470
16, -5.407
15, -5.043
14, -5.001
13, -4.658
12, -4.413
11, -4.091
10, -3.776
9, -3.517
8, -3.496
7, -3.132
6, -3.020
5, -2.607
4, -2.363
3, -2.062
2, -1.880
1, -1.446
0, -1.216
-1, -0.971
-2, -0.964
-3, -0.523
-4, -0.376
-5, 0.022
-6, 0.155
-7, 0.610
-8, 0.791
-9, 1.015
-10, 1.190
-11, 1.435
-12, 1.470
-13, 1.931
-14, 2.106
-15, 2.512
-16, 2.659
-17, 2.995
-18, 3.121
-19, 3.421
-20, 3.603
-21, 3.820
-22, 3.841
-22, 4.240
-21, 4.380
-20, 4.506
-19, 4.485
-18, 4.492
-17, 4.353
-16, 4.073
-15, 3.961
-14, 3.709
-13, 3.688
-12, 3.310
-11, 3.170
-10, 2.904
-9, 2.652
-8, 2.303
-7, 2.107
-6, 1.869
-5, 1.834
-4, 1.394
-3, 1.394
-2, 0.974
-1, 0.981
0, 0.443
0, 0.212
1, -0.117
2, -0.152
3, -0.355
4, -0.369
5, -0.781
6, -0.795
7, -1.222
8, -1.292
9, -1.858
10, -2.089
11, -2.348
12, -2.551
13, -2.810
14, -2.810
15, -3.250
16, -3.306
17, -3.621
18, -3.796
19, -4.412
20, -4.524
21, -4.825
22, -5.000
22, -5.238
21, -5.266
20, -5.518
19, -5.518
18, -5.532
17, -5.491
16, -5.168
15, -5.119
14, -4.776
13, -4.608
12, -4.279
11, -4.286
10, -3.712
9, -3.628
8, -3.300
7, -3.195
6, -2.817
5, -2.670
4, -2.257
3, -2.054
2, -1.719
1, -1.684
0, -1.194
-1, -1.124
-2, -0.761
-3, -0.579
-4, -0.201
-5, -0.019
-6, 0.351
-7, 0.386
-8, 0.848
-9, 0.862
-10, 1.239
-11, 1.330
-12, 1.722
-13, 1.869
-14, 2.302
-15, 2.477
-16, 2.771
-17, 2.960
-18, 3.204
-19, 3.197
-20, 3.610
-21, 3.701
-22, 4.009
-22, 4.233
-21, 4.555
-20, 4.583
-19, 4.597
-18, 4.576
-17, 4.275
-16, 4.282
-15, 3.953
-14, 3.876
-13, 3.540
-12, 3.421
-11, 3.106
-10, 2.960
-9, 2.547
-8, 2.337
-7, 2.064
-6, 2.071
-5, 1.666
-4, 1.582
-3, 1.141
-2, 1.092
-1, 0.736
0, 0.449
