0, -0.217
1, -0.441
2, -0.678
3, -0.671
4, -0.895
5, -0.986
6, -1.280
7, -1.644
8, -1.707
9, -1.875
10, -2.217
11, -2.532
12, -2.805
13, -3.008
14, -3.239
15, -3.512
16, -3.735
17, -3.910
18, -4.204
19, -4.470
20, -4.701
21, -4.946
22, -5.170
22, -5.359
21, -5.577
20, -5.787
19, -5.801
18, -5.808
17, -5.801
16, -5.604
15, -5.402
14, -5.345
13, -5.079
12, -4.897
11, -4.652
10, -4.330
9, -3.924
8, -3.659
7, -3.414
6, -3.127
5, -2.854
4, -2.672
3, -2.469
2, -2.210
1, -1.931
0, -1.609
-1, -1.308
-2, -1.014
-3, -0.825
-4, -0.518
-5, -0.350
-6, -0.112
-7, 0.147
-8, 0.427
-9, 0.741
-10, 0.923
-11, 1.161
-12, 1.371
-13, 1.664
-14, 2.049
-15, 2.203
-16, 2.371
-17, 2.637
-18, 2.854
-19, 3.043
-20, 3.280
-21, 3.511
-22, 3.749
-22, 4.022
-21, 4.302
-20, 4.414
-19, 4.435
-18, 4.407
-17, 4.407
-16, 4.246
-15, 4.050
-14, 3.805
-13, 3.582
-12, 3.372
-11, 3.148
-10, 3.022
-9, 2.875
-8, 2.637
-7, 2.294
-6, 2.007
-5, 1.791
-4, 1.581
-3, 1.322
-2, 1.049
-1, 0.839
0, 0.671
0, 0.378
1, 0.161
2, -0.084
3, -0.175
4, -0.413
5, -0.657
6, -0.853
7, -1.126
8, -1.273
9, -1.469
10, -1.826
11, -2.028
12, -2.315
13, -2.546
14, -2.749
15, -3.057
16, -3.274
17, -3.393
18, -3.561
19, -3.869
20, -4.253
21, -4.540
22, -4.764
22, -4.946
21, -5.156
20, -5.345
19, -5.388
18, -5.402
17, -5.416
16, -5.409
15, -5.170
14, -4.862
13, -4.673
12, -4.464
11, -4.197
10, -3.903
9, -3.526
8, -3.316
7, -3.211
6, -2.987
5, -2.735
4, -2.490
3, -2.224
2, -1.917
1, -1.546
0, -1.357
-1, -1.147
-2, -0.916
-3, -0.665
-4, -0.462
-5, -0.210
-6, 0.007
-7, 0.280
-8, 0.559
-9, 0.888
-10, 1.112
-11, 1.273
-12, 1.448
-13, 1.657
-14, 1.902
-15, 2.112
-16, 2.385
-17, 2.644
-18, 2.917
-19, 3.169
-20, 3.413
-21, 3.560
-22, 3.686
-22, 3.896
-21, 4.148
-20, 4.379
-19, 4.400
-18, 4.386
-17, 4.365
-16, 4.113
-15, 3.896
-14, 3.770
-13, 3.602
-12, 3.372
-11, 3.162
-10, 2.924
-9, 2.707
-8, 2.469
-7, 2.189
-6, 1.867
-5, 1.609
-4, 1.483
-3, 1.301
-2, 1.070
-1, 0.846
0, 0.650
0, 0.287
1, -0.126
2, -0.336
3, -0.322
4, -0.518
5, -0.581
6, -0.839
7, -1.119
8, -1.266
9, -1.616
10, -1.972
11, -2.210
12, -2.497
13, -2.735
14, -2.868
15, -3.029
16, -3.267
17, -3.505
18, -3.694
19, -4.050
20, -4.400
21, -4.638
22, -4.911
22, -5.156
21, -5.331
20, -5.556
19, -5.577
18, -5.563
17, -5.591
16, -5.457
15, -5.170
14, -4.932
13, -4.666
12, -4.464
11, -4.169
10, -3.994
9, -3.749
8, -3.449
7, -3.281
6, -3.078
5, -2.826
4, -2.525
3, -2.217
2, -1.896
1, -1.749
0, -1.504
-1, -1.203
-2, -0.951
-3, -0.714
-4, -0.490
-5, -0.182
-6, 0.007
-7, 0.315
-8, 0.650
-9, 0.951
-10, 1.070
-11, 1.238
-12, 1.434
-13, 1.650
-14, 1.902
-15, 2.168
-16, 2.448
-17, 2.672
-18, 2.917
-19, 3.169
-20, 3.371
-21, 3.490
-22, 3.672
-22, 3.896
-21, 4.148
-20, 4.386
-19, 4.421
-18, 4.407
-17, 4.386
-16, 4.099
-15, 4.001
-14, 3.882
-13, 3.638
-12, 3.393
-11, 3.169
-10, 2.938
-9, 2.700
-8, 2.469
-7, 2.217
-6, 1.888
-5, 1.728
-4, 1.581
-3, 1.294
-2, 1.007
-1, 0.846
0, 0.574
0, 0.294
1, -0.042
2, -0.315
3, -0.308
4, -0.371
5, -0.622
6, -0.881
7, -1.119
8, -1.301
9, -1.665
10, -2.021
11, -2.273
12, -2.511
13, -2.672
14, -2.826
15, -3.113
16, -3.358
17, -3.568
18, -3.798
19, -4.162
20, -4.463
21, -4.729
22, -5.037
22, -5.128
21, -5.282
20, -5.534
19, -5.604
18, -5.604
17, -5.604
16, -5.506
15, -5.219
14, -4.974
13, -4.694
12, -4.624
11, -4.449
10, -4.204
9, -3.869
8, -3.582
7, -3.358
6, -3.113
5, -2.833
4, -2.476
3, -2.336
2, -2.154
1, -1.924
0, -1.595
-1, -1.322
-2, -1.049
-3, -0.846
-4, -0.602
-5, -0.252
-6, 0.042
-7, 0.217
-8, 0.434
-9, 0.692
-10, 0.881
-11, 1.126
-12, 1.294
-13, 1.567
-14, 1.944
-15, 2.238
-16, 2.350
-17, 2.546
-18, 2.770
-19, 2.952
-20, 3.183
-21, 3.421
-22, 3.630
-22, 3.931
-21, 4.190
-20, 4.344
-19, 4.372
-18, 4.372
-17, 4.358
-16, 4.267
-15, 3.973
-14, 3.728
-13, 3.483
-12, 3.288
-11, 3.057
-10, 2.840
-9, 2.658
-8, 2.483
-7, 2.168
-6, 1.840
-5, 1.637
-4, 1.399
-3, 1.154
-2, 0.930
-1, 0.699
0, 0.518
0, 0.273
1, 0.014
2, -0.238
3, -0.350
4, -0.497
5, -0.790
6, -1.042
7, -1.273
8, -1.476
9, -1.825
10, -2.035
11, -2.252
12, -2.511
13, -2.728
14, -2.924
15, -3.218
16, -3.435
17, -3.645
18, -3.959
19, -4.232
20, -4.463
21, -4.708
22, -4.925
22, -5.149
21, -5.338
20, -5.549
19, -5.597
18, -5.604
17, -5.597
16, -5.450
15, -5.240
14, -5.128
13, -4.904
12, -4.645
11, -4.400
10, -4.176
9, -3.721
8, -3.498
7, -3.232
6, -3.071
5, -2.903
4, -2.679
3, -2.385
2, -2.126
1, -1.882
0, -1.581
-1, -1.252
-2, -0.951
-3, -0.727
-4, -0.413
-5, -0.280
-6, -0.077
-7, 0.140
-8, 0.469
-9, 0.755
-10, 0.951
-11, 1.189
-12, 1.455
-13, 1.693
-14, 1.916
-15, 2.070
-16, 2.350
-17, 2.595
-18, 2.805
-19, 3.015
-20, 3.260
-21, 3.497
-22, 3.763
-22, 4.099
-21, 4.148
-20, 4.344
-19, 4.407
-18, 4.379
-17, 4.372
-16, 4.197
-15, 3.973
-14, 3.721
-13, 3.483
-12, 3.365
-11, 3.183
-10, 2.931
-9, 2.721
-8, 2.462
-7, 2.161
-6, 1.861
-5, 1.602
-4, 1.497
-3, 1.329
-2, 1.175
-1, 0.930
0, 0.706
0, 0.350
1, 0.056
2, -0.203
3, -0.245
4, -0.518
5, -0.769
6, -0.860
7, -0.965
8, -1.203
9, -1.525
10, -1.867
11, -2.147
12, -2.392
13, -2.588
14, -2.819
15, -3.113
16, -3.365
17, -3.463
18, -3.568
19, -3.903
20, -4.309
21, -4.603
22, -4.821
22, -5.009
21, -5.247
20, -5.430
19, -5.464
18, -5.471
17, -5.478
16, -5.464
15, -5.184
14, -4.918
13, -4.722
12, -4.471
11, -4.190
10, -3.883
9, -3.603
8, -3.463
7, -3.260
6, -3.022
5, -2.763
4, -2.539
3, -2.252
2, -1.924
1, -1.665
0, -1.315
-1, -1.140
-2, -0.958
-3, -0.685
-4, -0.469
-5, -0.203
-6, 0.028
-7, 0.301
-8, 0.622
-9, 0.930
-10, 1.119
-11, 1.273
-12, 1.434
-13, 1.700
-14, 1.951
-15, 2.182
-16, 2.455
-17, 2.707
-18, 2.966
-19, 3.169
-20, 3.456
-21, 3.609
-22, 3.749
-22, 3.973
-21, 4.232
-20, 4.470
-19, 4.498
-18, 4.484
-17, 4.470
-16, 4.183
-15, 4.071
-14, 3.980
-13, 3.700
-12, 3.490
-11, 3.267
-10, 3.050
-9, 2.784
-8, 2.553
-7, 2.301
-6, 2.112
-5, 2.028
-4, 1.721
-3, 1.462
-2, 1.238
-1, 0.986
0, 0.769
0, 0.483
1, 0.091
2, -0.161
3, -0.175
4, -0.343
5, -0.399
6, -0.678
7, -0.944
8, -1.133
9, -1.406
10, -1.784
11, -2.070
12, -2.301
13, -2.560
14, -2.679
15, -2.875
16, -3.106
17, -3.344
18, -3.519
19, -3.798
20, -4.183
21, -4.478
22, -4.750
22, -4.982
21, -5.100
20, -5.262
19, -5.366
18, -5.352
17, -5.380
16, -5.283
15, -4.968
14, -4.715
13, -4.449
12, -4.351
11, -4.162
10, -3.938
9, -3.596
8, -3.316
7, -3.134
6, -2.910
5, -2.637
4, -2.322
3, -2.007
2, -1.756
1, -1.546
0, -1.322
-1, -1.049
-2, -0.783
-3, -0.581
-4, -0.364
-5, -0.035
-6, 0.252
-7, 0.552
-8, 0.727
-9, 0.958
-10, 1.147
-11, 1.378
-12, 1.594
-13, 1.797
-14, 2.091
-15, 2.350
-16, 2.672
-17, 2.945
-18, 3.078
-19, 3.238
-20, 3.469
-21, 3.693
-22, 3.889
-22, 4.106
-21, 4.372
-20, 4.582
-19, 4.631
-18, 4.603
-17, 4.596
-16, 4.393
-15, 4.211
-14, 3.980
-13, 3.770
-12, 3.581
-11, 3.337
-10, 3.127
-9, 2.798
-8, 2.637
-7, 2.455
-6, 2.196
-5, 1.993
-4, 1.741
-3, 1.497
-2, 1.259
-1, 1.049
0, 0.783
0, 0.510
1, 0.252
2, 0.070
3, 0.007
4, -0.161
5, -0.357
6, -0.672
7, -0.916
8, -1.098
9, -1.413
10, -1.749
11, -2.056
12, -2.161
13, -2.329
14, -2.567
15, -2.861
16, -3.064
17, -3.281
18, -3.526
19, -3.890
20, -4.176
21, -4.435
22, -4.631
22, -4.799
21, -4.967
20, -5.177
19, -5.254
18, -5.240
17, -5.262
16, -5.156
15, -4.876
14, -4.639
13, -4.344
12, -4.295
11, -4.086
10, -3.876
9, -3.519
8, -3.267
7, -3.064
6, -2.826
5, -2.532
4, -2.168
3, -1.903
2, -1.763
1, -1.623
0, -1.294
-1, -0.986
-2, -0.749
-3, -0.546
-4, -0.294
-5, 0.042
-6, 0.280
-7, 0.615
-8, 0.804
-9, 1.000
-10, 1.175
-11, 1.399
-12, 1.587
-13, 1.818
-14, 2.147
-15, 2.455
-16, 2.672
-17, 2.854
-18, 3.021
-19, 3.238
-20, 3.441
-21, 3.679
-22, 3.882
-22, 4.134
-21, 4.365
-20, 4.561
-19, 4.575
-18, 4.575
-17, 4.575
-16, 4.547
-15, 4.232
-14, 3.980
-13, 3.770
-12, 3.560
-11, 3.329
-10, 3.085
-9, 2.938
-8, 2.756
-7, 2.476
-6, 2.154
-5, 1.972
-4, 1.713
-3, 1.462
-2, 1.245
-1, 0.986
0, 0.678
0, 0.545
1, 0.336
2, 0.049
3, -0.042
4, -0.154
5, -0.455
6, -0.679
7, -0.944
8, -1.112
9, -1.427
10, -1.805
11, -2.007
12, -2.196
13, -2.399
14, -2.630
15, -2.924
16, -3.148
17, -3.351
18, -3.547
19, -3.938
20, -4.275
21, -4.400
22, -4.575
22, -4.848
21, -5.044
20, -5.276
19, -5.324
18, -5.352
17, -5.338
16, -5.191
15, -4.975
14, -4.862
13, -4.652
12, -4.393
11, -4.162
10, -3.931
9, -3.491
8, -3.274
7, -3.043
6, -2.777
5, -2.595
4, -2.441
3, -2.196
2, -1.938
1, -1.665
0, -1.343
-1, -1.042
-2, -0.791
-3, -0.581
-4, -0.301
-5, -0.098
-6, 0.112
-7, 0.363
-8, 0.643
-9, 0.930
-10, 1.133
-11, 1.315
-12, 1.559
-13, 1.811
-14, 2.168
-15, 2.301
-16, 2.476
-17, 2.707
-18, 2.945
-19, 3.119
-20, 3.364
-21, 3.588
-22, 3.798
-22, 4.148
-21, 4.253
-20, 4.435
-19, 4.491
-18, 4.456
-17, 4.449
-16, 4.239
-15, 4.015
-14, 3.840
-13, 3.602
-12, 3.442
-11, 3.294
-10, 3.022
-9, 2.798
-8, 2.532
-7, 2.266
-6, 1.951
-5, 1.713
-4, 1.504
-3, 1.252
-2, 1.119
-1, 0.951
0, 0.790
0, 0.476
1, 0.133
2, -0.168
3, -0.196
4, -0.441
5, -0.658
6, -0.853
7, -1.154
8, -1.273
9, -1.427
10, -1.770
11, -2.070
12, -2.364
13, -2.567
14, -2.805
15, -3.071
16, -3.330
17, -3.491
18, -3.742
19, -4.015
20, -4.267
21, -4.561
22, -4.785
22, -4.995
21, -5.212
20, -5.430
19, -5.464
18, -5.478
17, -5.492
16, -5.478
15, -5.212
14, -4.968
13, -4.722
12, -4.519
11, -4.254
10, -4.030
9, -3.603
8, -3.309
7, -3.169
6, -3.043
5, -2.784
4, -2.546
3, -2.273
2, -2.007
1, -1.749
0, -1.434
-1, -1.098
-2, -0.776
-3, -0.623
-4, -0.448
-5, -0.238
-6, 0.014
-7, 0.231
-8, 0.545
-9, 0.825
-10, 1.007
-11, 1.238
-12, 1.469
-13, 1.734
-14, 1.937
-15, 2.140
-16, 2.378
-17, 2.637
-18, 2.861
-19, 3.050
-20, 3.294
-21, 3.483
-22, 3.791
-22, 3.924
-21, 4.106
-20, 4.323
-19, 4.393
-18, 4.365
-17, 4.358
-16, 4.176
-15, 3.980
-14, 3.735
-13, 3.504
-12, 3.351
-11, 3.197
-10, 2.945
-9, 2.700
-8, 2.448
-7, 2.161
-6, 1.839
-5, 1.630
-4, 1.434
-3, 1.217
-2, 0.986
-1, 0.846
0, 0.727
0, 0.378
1, 0.021
2, -0.273
3, -0.308
4, -0.497
5, -0.804
6, -0.979
7, -1.224
8, -1.371
9, -1.525
10, -1.798
11, -2.119
12, -2.406
13, -2.630
14, -2.868
15, -3.183
16, -3.358
17, -3.540
18, -3.763
19, -4.093
20, -4.386
21, -4.652
22, -4.862
22, -5.058
21, -5.254
20, -5.485
19, -5.535
18, -5.563
17, -5.556
16, -5.471
15, -5.233
14, -4.995
13, -4.757
12, -4.533
11, -4.309
10, -4.043
9, -3.603
8, -3.323
7, -3.190
6, -3.071
5, -2.826
4, -2.581
3, -2.301
2, -2.028
1, -1.770
0, -1.441
-1, -1.098
-2, -0.790
-3, -0.671
-4, -0.490
-5, -0.252
-6, 0.000
-7, 0.280
-8, 0.553
-9, 0.839
-10, 1.049
-11, 1.294
-12, 1.553
-13, 1.700
-14, 1.875
-15, 2.154
-16, 2.427
-17, 2.665
-18, 2.882
-19, 3.092
-20, 3.344
-21, 3.567
-22, 3.840
-22, 3.959
-21, 4.141
-20, 4.358
-19, 4.407
-18, 4.386
-17, 4.379
-16, 4.267
-15, 3.987
-14, 3.777
-13, 3.533
-12, 3.400
-11, 3.267
-10, 2.994
-9, 2.770
-8, 2.525
-7, 2.238
-6, 1.924
-5, 1.707
-4, 1.525
-3, 1.280
-2, 1.014
-1, 0.923
0, 0.790
0, 0.511
1, 0.154
2, -0.189
3, -0.196
4, -0.399
5, -0.692
6, -0.874
7, -1.042
8, -1.147
9, -1.427
10, -1.735
11, -2.119
12, -2.378
13, -2.581
14, -2.805
15, -3.078
16, -3.274
17, -3.476
18, -3.617
19, -3.910
20, -4.260
21, -4.554
22, -4.764
22, -4.946
21, -5.156
20, -5.402
19, -5.437
18, -5.457
17, -5.478
16, -5.423
15, -5.156
14, -4.911
13, -4.673
12, -4.400
11, -4.127
10, -3.903
9, -3.449
8, -3.302
7, -3.211
6, -2.959
5, -2.679
4, -2.469
3, -2.196
2, -1.917
1, -1.644
0, -1.294
-1, -1.000
-2, -0.784
-3, -0.665
-4, -0.413
-5, -0.147
-6, 0.105
-7, 0.329
-8, 0.629
-9, 0.909
-10, 1.112
-11, 1.378
-12, 1.643
-13, 1.797
-14, 1.979
-15, 2.217
-16, 2.483
-17, 2.749
-18, 2.979
-19, 3.175
-20, 3.490
-21, 3.644
-22, 3.763
-22, 3.980
-21, 4.232
-20, 4.470
-19, 4.491
-18, 4.484
-17, 4.456
-16, 4.225
-15, 4.022
-14, 3.777
-13, 3.665
-12, 3.518
-11, 3.280
-10, 3.036
-9, 2.819
-8, 2.588
-7, 2.294
-6, 1.986
-5, 1.721
-4, 1.595
-3, 1.427
-2, 1.224
-1, 0.986
0, 0.825
0, 0.406
1, 0.077
2, -0.112
3, -0.154
4, -0.392
5, -0.623
6, -0.734
7, -0.895
8, -1.091
9, -1.378
10, -1.777
11, -2.042
12, -2.280
13, -2.511
14, -2.742
15, -3.043
16, -3.190
17, -3.358
18, -3.540
19, -3.883
20, -4.253
21, -4.512
22, -4.757
22, -4.953
21, -5.184
20, -5.387
19, -5.416
18, -5.387
17, -5.423
16, -5.380
15, -5.100
14, -4.862
13, -4.646
12, -4.449
11, -4.169
10, -3.876
9, -3.540
8, -3.372
7, -3.204
6, -2.966
5, -2.721
4, -2.469
3, -2.175
2, -1.910
1, -1.630
0, -1.273
-1, -1.077
-2, -0.923
-3, -0.678
-4, -0.455
-5, -0.217
-6, -0.000
-7, 0.294
-8, 0.615
-9, 0.909
-10, 1.140
-11, 1.308
-12, 1.497
-13, 1.714
-14, 1.923
-15, 2.161
-16, 2.462
-17, 2.728
-18, 3.015
-19, 3.169
-20, 3.274
-21, 3.532
-22, 3.742
-22, 3.945
-21, 4.169
-20, 4.407
-19, 4.442
-18, 4.421
-17, 4.407
-16, 4.086
-15, 3.966
-14, 3.855
-13, 3.624
-12, 3.386
-11, 3.176
-10, 2.959
-9, 2.735
-8, 2.483
-7, 2.210
-6, 1.889
-5, 1.735
-4, 1.595
-3, 1.301
-2, 1.063
-1, 0.825
0, 0.595
0, 0.357
1, -0.021
2, -0.294
3, -0.357
4, -0.476
5, -0.567
6, -0.853
7, -1.063
8, -1.273
9, -1.567
10, -1.937
11, -2.203
12, -2.469
13, -2.665
14, -2.966
15, -3.127
16, -3.288
17, -3.540
18, -3.721
19, -3.959
20, -4.393
21, -4.673
22, -4.939
22, -5.163
21, -5.437
20, -5.563
19, -5.590
18, -5.584
17, -5.604
16, -5.499
15, -5.240
14, -5.044
13, -4.750
12, -4.561
11, -4.260
10, -4.106
9, -3.840
8, -3.547
7, -3.386
6, -3.169
5, -2.910
4, -2.651
3, -2.364
2, -2.098
1, -1.798
0, -1.434
-1, -1.252
-2, -1.126
-3, -0.846
-4, -0.622
-5, -0.371
-6, -0.168
-7, 0.119
-8, 0.420
-9, 0.755
-10, 0.972
-11, 1.119
-12, 1.273
-13, 1.497
-14, 1.770
-15, 1.979
-16, 2.280
-17, 2.518
-18, 2.798
-19, 2.987
-20, 3.288
-21, 3.428
-22, 3.546
-22, 3.763
-21, 4.050
-20, 4.260
-19, 4.274
-18, 4.267
-17, 4.253
-16, 3.987
-15, 3.756
-14, 3.645
-13, 3.533
-12, 3.295
-11, 3.078
-10, 2.812
-9, 2.553
-8, 2.329
-7, 2.077
-6, 1.763
-5, 1.490
-4, 1.357
-3, 1.189
-2, 0.986
-1, 0.755
0, 0.539
0, 0.182
1, -0.210
2, -0.420
3, -0.427
4, -0.622
5, -0.839
6, -0.874
7, -1.126
8, -1.413
9, -1.728
10, -2.014
11, -2.308
12, -2.560
13, -2.791
14, -2.994
15, -3.274
16, -3.449
17, -3.596
18, -3.770
19, -4.106
20, -4.491
21, -4.778
22, -5.016
22, -5.184
21, -5.402
20, -5.604
19, -5.618
18, -5.611
17, -5.647
16, -5.625
15, -5.324
14, -5.072
13, -4.841
12, -4.666
11, -4.386
10, -4.120
9, -3.749
8, -3.589
7, -3.400
6, -3.155
5, -2.924
4, -2.700
3, -2.406
2, -2.112
1, -1.833
0, -1.469
-1, -1.154
-2, -1.014
-3, -0.825
-4, -0.616
-5, -0.343
-6, -0.126
-7, 0.175
-8, 0.552
-9, 0.790
-10, 1.035
-11, 1.189
-12, 1.364
-13, 1.594
-14, 1.839
-15, 2.049
-16, 2.343
-17, 2.609
-18, 2.833
-19, 3.084
-20, 3.406
-21, 3.525
-22, 3.651
-22, 3.868
-21, 4.134
-20, 4.379
-19, 4.414
-18, 4.407
-17, 4.386
-16, 4.127
-15, 3.868
-14, 3.777
-13, 3.658
-12, 3.428
-11, 3.211
-10, 2.959
-9, 2.728
-8, 2.483
-7, 2.238
-6, 1.909
-5, 1.672
-4, 1.539
-3, 1.336
-2, 1.105
-1, 0.916
0, 0.734
0, 0.406
1, -0.021
2, -0.259
3, -0.252
4, -0.497
5, -0.692
6, -0.839
7, -1.007
8, -1.224
9, -1.560
10, -1.966
11, -2.217
12, -2.427
13, -2.623
14, -2.938
15, -3.057
16, -3.260
17, -3.435
18, -3.680
19, -4.001
20, -4.358
21, -4.596
22, -4.855
22, -5.114
21, -5.345
20, -5.499
19, -5.506
18, -5.499
17, -5.542
16, -5.471
15, -5.156
14, -4.961
13, -4.708
12, -4.484
11, -4.204
10, -3.903
9, -3.645
8, -3.505
7, -3.309
6, -3.064
5, -2.812
4, -2.532
3, -2.301
2, -1.987
1, -1.658
0, -1.441
-1, -1.308
-2, -1.028
-3, -0.735
-4, -0.497
-5, -0.238
-6, -0.007
-7, 0.259
-8, 0.629
-9, 0.902
-10, 1.014
-11, 1.168
-12, 1.399
-13, 1.629
-14, 1.888
-15, 2.161
-16, 2.420
-17, 2.658
-18, 2.917
-19, 3.084
-20, 3.231
-21, 3.476
-22, 3.693
-22, 3.896
-21, 4.120
-20, 4.379
-19, 4.400
-18, 4.393
-17, 4.365
-16, 4.043
-15, 3.973
-14, 3.847
-13, 3.616
-12, 3.372
-11, 3.134
-10, 2.917
-9, 2.679
-8, 2.469
-7, 2.189
-6, 1.874
-5, 1.686
-4, 1.581
-3, 1.315
-2, 1.091
-1, 0.846
0, 0.629
0, 0.287
1, -0.049
2, -0.308
3, -0.308
4, -0.350
5, -0.616
6, -0.860
7, -1.133
8, -1.336
9, -1.574
10, -1.980
11, -2.266
12, -2.490
13, -2.623
14, -2.721
15, -3.036
16, -3.246
17, -3.512
18, -3.700
19, -3.862
20, -4.330
21, -4.638
22, -4.946
22, -5.149
21, -5.303
20, -5.471
19, -5.542
18, -5.535
17, -5.535
16, -5.437
15, -5.170
14, -4.925
13, -4.624
12, -4.540
11, -4.351
10, -4.113
9, -3.735
8, -3.505
7, -3.288
6, -3.085
5, -2.784
4, -2.420
3, -2.252
2, -2.084
1, -1.826
0, -1.511
-1, -1.210
-2, -0.972
-3, -0.762
-4, -0.504
-5, -0.168
-6, 0.070
-7, 0.238
-8, 0.468
-9, 0.762
-10, 0.951
-11, 1.175
-12, 1.378
-13, 1.608
-14, 1.958
-15, 2.245
-16, 2.427
-17, 2.630
-18, 2.854
-19, 3.008
-20, 3.252
-21, 3.476
-22, 3.700
-22, 4.015
-21, 4.253
-20, 4.400
-19, 4.400
-18, 4.372
-17, 4.365
-16, 4.267
-15, 4.008
-14, 3.805
-13, 3.567
-12, 3.351
-11, 3.092
-10, 2.840
-9, 2.721
-8, 2.546
-7, 2.245
-6, 1.951
-5, 1.748
-4, 1.525
-3, 1.301
-2, 1.035
-1, 0.839
0, 0.524
0, 0.343
1, 0.091
2, -0.182
3, -0.203
4, -0.392
5, -0.651
6, -0.867
7, -1.119
8, -1.378
9, -1.511
10, -1.777
11, -2.098
12, -2.378
13, -2.560
14, -2.763
15, -3.036
16, -3.267
17, -3.470
18, -3.714
19, -4.120
20, -4.400
21, -4.561
22, -4.722
22, -4.975
21, -5.191
20, -5.416
19, -5.464
18, -5.464
17, -5.464
16, -5.359
15, -5.079
14, -4.925
13, -4.890
12, -4.701
11, -4.379
10, -4.093
9, -3.721
8, -3.421
7, -3.204
6, -2.987
5, -2.700
4, -2.322
3, -2.203
2, -2.042
1, -1.812
0, -1.497
-1, -1.217
-2, -0.930
-3, -0.679
-4, -0.448
-5, -0.070
-6, 0.056
-7, 0.217
-8, 0.489
-9, 0.783
-10, 0.972
-11, 1.203
-12, 1.385
-13, 1.622
-14, 2.000
-15, 2.308
-16, 2.427
-17, 2.588
-18, 2.826
-19, 3.022
-20, 3.245
-21, 3.476
-22, 3.679
-22, 3.966
-21, 4.218
-20, 4.400
-19, 4.386
-18, 4.365
-17, 4.379
-16, 4.344
-15, 4.008
-14, 3.770
-13, 3.539
-12, 3.351
-11, 3.113
-10, 2.910
-9, 2.749
-8, 2.567
-7, 2.280
-6, 1.972
-5, 1.762
-4, 1.497
-3, 1.287
-2, 1.007
-1, 0.797
0, 0.455
0, 0.322
1, 0.042
2, -0.168
3, -0.252
4, -0.434
5, -0.699
6, -0.895
7, -1.175
8, -1.413
9, -1.560
10, -1.756
11, -2.077
12, -2.385
13, -2.616
14, -2.812
15, -3.113
16, -3.330
17, -3.533
18, -3.756
19, -4.134
20, -4.386
21, -4.568
22, -4.806
22, -5.037
21, -5.254
20, -5.478
19, -5.506
18, -5.535
17, -5.528
16, -5.359
15, -5.086
14, -4.946
13, -4.848
12, -4.596
11, -4.358
10, -4.093
9, -3.714
8, -3.449
7, -3.211
6, -2.917
5, -2.742
4, -2.574
3, -2.301
2, -2.014
1, -1.749
0, -1.385
-1, -1.084
-2, -0.818
-3, -0.686
-4, -0.511
-5, -0.196
-6, 0.035
-7, 0.294
-8, 0.580
-9, 0.881
-10, 1.056
-11, 1.280
-12, 1.532
-13, 1.818
-14, 1.986
-15, 2.175
-16, 2.476
-17, 2.749
-18, 2.966
-19, 3.134
-20, 3.392
-21, 3.609
-22, 3.812
-22, 4.211
-21, 4.267
-20, 4.463
-19, 4.519
-18, 4.498
-17, 4.491
-16, 4.344
-15, 4.106
-14, 3.896
-13, 3.658
-12, 3.435
-11, 3.295
-10, 3.092
-9, 2.917
-8, 2.658
-7, 2.357
-6, 2.028
-5, 1.839
-4, 1.595
-3, 1.392
-2, 1.210
-1, 1.049
0, 0.867
0, 0.594
1, 0.231
2, -0.035
3, -0.063
4, -0.329
5, -0.595
6, -0.657
7, -0.776
8, -1.035
9, -1.364
10, -1.700
11, -1.979
12, -2.203
13, -2.441
14, -2.679
15, -2.938
16, -3.120
17, -3.274
18, -3.449
19, -3.763
20, -4.162
21, -4.435
22, -4.680
22, -4.841
21, -5.065
20, -5.254
19, -5.296
18, -5.310
17, -5.345
16, -5.226
15, -5.009
14, -4.785
13, -4.533
12, -4.316
11, -4.086
10, -3.820
9, -3.379
8, -3.197
7, -3.099
6, -2.826
5, -2.567
4, -2.350
3, -2.091
2, -1.798
1, -1.490
0, -1.161
-1, -0.951
-2, -0.832
-3, -0.539
-4, -0.322
-5, -0.056
-6, 0.168
-7, 0.469
-8, 0.776
-9, 1.035
-10, 1.273
-11, 1.525
-12, 1.630
-13, 1.790
-14, 2.042
-15, 2.266
-16, 2.567
-17, 2.840
-18, 3.057
-19, 3.280
-20, 3.595
-21, 3.840
-22, 3.952
-22, 4.057
-21, 4.344
-20, 4.575
-19, 4.596
-18, 4.582
-17, 4.561
-16, 4.323
-15, 4.162
-14, 3.945
-13, 3.693
-12, 3.561
-11, 3.435
-10, 3.169
-9, 2.952
-8, 2.707
-7, 2.364
-6, 2.098
-5, 1.924
-4, 1.812
-3, 1.539
-2, 1.301
-1, 1.098
0, 0.867
0, 0.504
1, 0.189
2, -0.042
3, -0.070
4, -0.308
5, -0.511
6, -0.580
7, -0.818
8, -1.084
9, -1.392
10, -1.770
11, -2.042
12, -2.238
13, -2.483
14, -2.728
15, -2.910
16, -3.071
17, -3.316
18, -3.463
19, -3.840
20, -4.204
21, -4.414
22, -4.680
22, -4.890
21, -5.121
20, -5.296
19, -5.331
18, -5.303
17, -5.359
16, -5.254
15, -4.967
14, -4.743
13, -4.498
12, -4.435
11, -4.127
10, -3.924
9, -3.574
8, -3.281
7, -3.092
6, -2.903
5, -2.616
4, -2.266
3, -2.007
2, -1.840
1, -1.686
0, -1.392
-1, -1.105
-2, -0.853
-3, -0.629
-4, -0.399
-5, -0.112
-6, 0.140
-7, 0.448
-8, 0.671
-9, 0.853
-10, 1.063
-11, 1.301
-12, 1.525
-13, 1.749
-14, 1.979
-15, 2.259
-16, 2.511
-17, 2.798
-18, 2.959
-19, 3.106
-20, 3.309
-21, 3.582
-22, 3.770
-22, 3.994
-21, 4.232
-20, 4.449
-19, 4.463
-18, 4.449
-17, 4.435
-16, 4.282
-15, 4.079
-14, 3.862
-13, 3.638
-12, 3.442
-11, 3.253
-10, 3.001
-9, 2.693
-8, 2.560
-7, 2.406
-6, 2.056
-5, 1.917
-4, 1.637
-3, 1.378
-2, 1.140
-1, 0.895
0, 0.686
0, 0.392
1, 0.091
2, -0.098
3, -0.133
4, -0.294
5, -0.545
6, -0.776
7, -1.049
8, -1.259
9, -1.560
10, -1.909
11, -2.112
12, -2.245
13, -2.462
14, -2.707
15, -2.966
16, -3.204
17, -3.372
18, -3.602
19, -3.959
20, -4.281
21, -4.533
22, -4.827
22, -4.918
21, -5.051
20, -5.317
19, -5.401
18, -5.387
17, -5.401
16, -5.282
15, -5.002
14, -4.771
13, -4.554
12, -4.449
11, -4.218
10, -3.980
9, -3.623
8, -3.316
7, -3.134
6, -2.889
5, -2.609
4, -2.350
3, -2.112
2, -1.909
1, -1.685
0, -1.350
-1, -1.077
-2, -0.818
-3, -0.622
-4, -0.399
-5, -0.063
-6, 0.224
-7, 0.392
-8, 0.623
-9, 0.895
-10, 1.077
-11, 1.308
-12, 1.490
-13, 1.714
-14, 2.000
-15, 2.287
-16, 2.574
-17, 2.735
-18, 2.917
-19, 3.099
-20, 3.344
-21, 3.526
-22, 3.721
-22, 4.001
-21, 4.260
-20, 4.435
-19, 4.428
-18, 4.407
-17, 4.414
-16, 4.393
-15, 4.001
-14, 3.799
-13, 3.547
-12, 3.351
-11, 3.127
-10, 2.861
-9, 2.721
-8, 2.546
-7, 2.252
-6, 1.952
-5, 1.714
-4, 1.469
-3, 1.224
-2, 0.930
-1, 0.707
0, 0.350
0, 0.224
1, 0.042
2, -0.224
3, -0.336
4, -0.496
5, -0.776
6, -0.993
7, -1.280
8, -1.483
9, -1.762
10, -2.112
11, -2.336
12, -2.518
13, -2.735
14, -2.945
15, -3.238
16, -3.462
17, -3.658
18, -3.931
19, -4.260
20, -4.617
21, -4.764
22, -4.946
22, -5.177
21, -5.373
20, -5.611
19, -5.688
18, -5.674
17, -5.688
16, -5.577
15, -5.282
14, -5.009
13, -4.883
12, -4.708
11, -4.505
10, -4.246
9, -3.868
8, -3.616
7, -3.386
6, -3.134
5, -2.847
4, -2.462
3, -2.350
2, -2.161
1, -1.937
0, -1.616
-1, -1.329
-2, -1.077
-3, -0.902
-4, -0.650
-5, -0.294
-6, -0.014
-7, 0.126
-8, 0.357
-9, 0.665
-10, 0.846
-11, 1.077
-12, 1.287
-13, 1.504
-14, 1.882
-15, 2.112
-16, 2.392
-17, 2.658
-18, 2.784
-19, 2.945
-20, 3.134
-21, 3.400
-22, 3.603
-22, 3.862
-21, 4.078
-20, 4.295
-19, 4.316
-18, 4.295
-17, 4.282
-16, 4.127
-15, 3.917
-14, 3.715
-13, 3.491
-12, 3.309
-11, 3.078
-10, 2.861
-9, 2.525
-8, 2.392
-7, 2.224
-6, 1.938
-5, 1.728
-4, 1.490
-3, 1.266
-2, 0.979
-1, 0.784
0, 0.476
0, 0.252
1, -0.098
2, -0.350
3, -0.329
4, -0.371
5, -0.678
6, -0.881
7, -1.168
8, -1.378
9, -1.706
10, -2.028
11, -2.329
12, -2.441
13, -2.616
14, -2.847
15, -3.134
16, -3.357
17, -3.567
18, -3.791
19, -4.169
20, -4.470
21, -4.715
22, -4.918
22, -5.093
21, -5.310
20, -5.534
19, -5.583
18, -5.590
17, -5.583
16, -5.436
15, -5.177
14, -4.911
13, -4.764
12, -4.596
11, -4.372
10, -4.134
9, -3.756
8, -3.504
7, -3.294
6, -3.022
5, -2.735
4, -2.546
3, -2.350
2, -2.098
1, -1.825
0, -1.504
-1, -1.217
-2, -0.944
-3, -0.769
-4, -0.517
-5, -0.140
-6, 0.084
-7, 0.259
-8, 0.497
-9, 0.784
-10, 0.986
-11, 1.189
-12, 1.427
-13, 1.630
-14, 1.980
-15, 2.217
-16, 2.476
-17, 2.763
-18, 2.868
-19, 3.015
-20, 3.253
-21, 3.504
-22, 3.707
-22, 3.917
-21, 4.176
-20, 4.407
-19, 4.428
-18, 4.414
-17, 4.421
-16, 4.386
-15, 4.058
-14, 3.827
-13, 3.582
-12, 3.400
-11, 3.162
-10, 2.945
-9, 2.602
-8, 2.469
-7, 2.308
-6, 2.007
-5, 1.805
-4, 1.574
-3, 1.322
-2, 1.049
-1, 0.867
0, 0.630
0, 0.322
1, -0.028
2, -0.245
3, -0.231
4, -0.336
5, -0.608
6, -0.846
7, -1.140
8, -1.287
9, -1.615
10, -1.993
11, -2.189
12, -2.322
13, -2.553
14, -2.770
15, -3.050
16, -3.259
17, -3.469
18, -3.693
19, -4.064
20, -4.435
21, -4.554
22, -4.757
22, -4.981
21, -5.184
20, -5.429
19, -5.464
18, -5.485
17, -5.485
16, -5.317
15, -5.079
14, -4.820
13, -4.666
12, -4.505
11, -4.302
10, -4.036
9, -3.679
8, -3.379
7, -3.148
6, -2.896
5, -2.609
4, -2.427
3, -2.245
2, -1.993
1, -1.699
0, -1.385
-1, -1.119
-2, -0.846
-3, -0.594
-4, -0.371
-5, 0.000
-6, 0.147
-7, 0.329
-8, 0.630
-9, 0.916
-10, 1.084
-11, 1.294
-12, 1.525
-13, 1.742
-14, 2.168
-15, 2.420
-16, 2.574
-17, 2.721
-18, 2.924
-19, 3.134
-20, 3.365
-21, 3.602
-22, 3.805
-22, 4.078
-21, 4.316
-20, 4.505
-19, 4.498
-18, 4.470
-17, 4.477
-16, 4.358
-15, 4.113
-14, 3.869
-13, 3.638
-12, 3.421
-11, 3.183
-10, 3.057
-9, 2.903
-8, 2.602
-7, 2.287
-6, 1.993
-5, 1.791
-4, 1.574
-3, 1.336
-2, 1.091
-1, 0.860
0, 0.692
0, 0.434
1, 0.147
2, -0.105
3, -0.175
4, -0.350
5, -0.643
6, -0.853
7, -1.098
8, -1.329
9, -1.511
10, -1.790
11, -2.042
12, -2.322
13, -2.560
14, -2.812
15, -3.071
16, -3.323
17, -3.483
18, -3.770
19, -4.106
20, -4.330
21, -4.575
22, -4.778
22, -4.974
21, -5.184
20, -5.401
19, -5.437
18, -5.437
17, -5.471
16, -5.331
15, -5.037
14, -4.890
13, -4.827
12, -4.526
11, -4.274
10, -4.065
9, -3.673
8, -3.428
7, -3.197
6, -2.952
5, -2.644
4, -2.462
3, -2.266
2, -2.028
1, -1.763
0, -1.441
-1, -1.175
-2, -0.923
-3, -0.707
-4, -0.434
-5, -0.070
-6, 0.056
-7, 0.210
-8, 0.538
-9, 0.853
-10, 1.028
-11, 1.224
-12, 1.455
-13, 1.706
-14, 2.063
-15, 2.336
-16, 2.469
-17, 2.679
-18, 2.882
-19, 3.070
-20, 3.308
-21, 3.532
-22, 3.777
-22, 4.085
-21, 4.204
-20, 4.379
-19, 4.449
-18, 4.400
-17, 4.400
-16, 4.274
-15, 4.022
-14, 3.784
-13, 3.539
-12, 3.336
-11, 2.994
-10, 2.924
-9, 2.770
-8, 2.490
-7, 2.175
-6, 1.902
-5, 1.706
-4, 1.455
-3, 1.238
-2, 0.965
-1, 0.762
0, 0.587
0, 0.336
1, 0.098
2, -0.168
3, -0.287
4, -0.476
5, -0.755
6, -0.937
7, -1.217
8, -1.427
9, -1.560
10, -1.833
11, -2.168
12, -2.448
13, -2.679
14, -2.889
15, -3.134
16, -3.351
17, -3.582
18, -3.707
19, -3.973
20, -4.330
21, -4.659
22, -4.911
22, -5.079
21, -5.317
20, -5.520
19, -5.556
18, -5.591
17, -5.577
16, -5.437
15, -5.283
14, -5.086
13, -4.820
12, -4.596
11, -4.358
10, -4.127
9, -3.700
8, -3.400
7, -3.169
6, -3.022
5, -2.840
4, -2.623
3, -2.322
2, -2.056
1, -1.805
0, -1.490
-1, -1.168
-2, -0.874
-3, -0.686
-4, -0.483
-5, -0.273
-6, -0.049
-7, 0.182
-8, 0.482
-9, 0.797
-10, 0.986
-11, 1.203
-12, 1.434
-13, 1.699
-14, 1.923
-15, 2.126
-16, 2.371
-17, 2.630
-18, 2.868
-19, 3.043
-20, 3.301
-21, 3.525
-22, 3.770
-22, 4.134
-21, 4.183
-20, 4.400
-19, 4.442
-18, 4.414
-17, 4.400
-16, 4.176
-15, 3.980
-14, 3.763
-13, 3.567
-12, 3.330
-11, 3.190
-10, 3.008
-9, 2.812
-8, 2.560
-7, 2.259
-6, 1.951
-5, 1.742
-4, 1.546
-3, 1.315
-2, 1.070
-1, 0.895
0, 0.741
0, 0.497
1, 0.175
2, -0.042
3, -0.147
4, -0.315
5, -0.602
6, -0.769
7, -1.056
8, -1.315
9, -1.462
10, -1.728
11, -2.007
12, -2.266
13, -2.490
14, -2.672
15, -2.959
16, -3.183
17, -3.386
18, -3.680
19, -3.966
20, -4.197
21, -4.456
22, -4.666
22, -4.890
21, -5.100
20, -5.317
19, -5.345
18, -5.373
17, -5.373
16, -5.233
15, -5.093
14, -4.918
13, -4.680
12, -4.464
11, -4.204
10, -3.931
9, -3.533
8, -3.239
7, -2.987
6, -2.784
5, -2.574
4, -2.413
3, -2.161
2, -1.903
1, -1.637
0, -1.322
-1, -1.028
-2, -0.770
-3, -0.539
-4, -0.238
-5, -0.070
-6, 0.154
-7, 0.356
-8, 0.657
-9, 0.979
-10, 1.161
-11, 1.371
-12, 1.580
-13, 1.825
-14, 2.210
-15, 2.413
-16, 2.553
-17, 2.805
-18, 3.014
-19, 3.210
-20, 3.455
-21, 3.679
-22, 3.924
-22, 4.218
-21, 4.491
-20, 4.610
-19, 4.610
-18, 4.624
-17, 4.596
-16, 4.533
-15, 4.190
-14, 3.952
-13, 3.742
-12, 3.504
-11, 3.224
-10, 3.127
-9, 2.973
-8, 2.763
-7, 2.434
-6, 2.091
-5, 1.895
-4, 1.672
-3, 1.441
-2, 1.175
-1, 0.951
0, 0.790
0, 0.552
1, 0.294
2, 0.021
3, -0.070
4, -0.224
5, -0.532
6, -0.699
7, -0.993
8, -1.231
9, -1.364
10, -1.609
11, -1.959
12, -2.245
13, -2.427
14, -2.672
15, -2.931
16, -3.176
17, -3.386
18, -3.673
19, -3.952
20, -4.190
21, -4.442
22, -4.666
22, -4.855
21, -5.072
20, -5.303
19, -5.338
18, -5.366
17, -5.366
16, -5.170
15, -4.960
14, -4.918
13, -4.687
12, -4.393
11, -4.162
10, -3.938
9, -3.561
8, -3.274
7, -3.043
6, -2.784
5, -2.595
4, -2.434
3, -2.196
2, -1.931
1, -1.651
0, -1.329
-1, -1.063
-2, -0.748
-3, -0.581
-4, -0.287
-5, -0.126
-6, 0.091
-7, 0.336
-8, 0.650
-9, 0.944
-10, 1.105
-11, 1.322
-12, 1.553
-13, 1.818
-14, 2.035
-15, 2.217
-16, 2.469
-17, 2.721
-18, 2.952
-19, 3.127
-20, 3.435
-21, 3.707
-22, 3.882
-22, 4.029
-21, 4.218
-20, 4.442
-19, 4.484
-18, 4.456
-17, 4.435
-16, 4.190
-15, 3.994
-14, 3.784
-13, 3.666
-12, 3.525
-11, 3.288
-10, 3.036
-9, 2.805
-8, 2.567
-7, 2.294
-6, 2.007
-5, 1.735
-4, 1.602
-3, 1.420
-2, 1.189
-1, 1.014
0, 0.811
0, 0.441
1, 0.077
2, -0.119
3, -0.147
4, -0.385
5, -0.615
6, -0.671
7, -0.923
8, -1.168
9, -1.490
10, -1.818
11, -2.098
12, -2.336
13, -2.574
14, -2.728
15, -2.896
16, -3.169
17, -3.400
18, -3.596
19, -3.952
20, -4.323
21, -4.561
22, -4.806
22, -5.023
21, -5.205
20, -5.373
19, -5.437
18, -5.423
17, -5.443
16, -5.443
15, -5.191
14, -4.911
13, -4.680
12, -4.526
11, -4.274
10, -3.959
9, -3.511
8, -3.407
7, -3.302
6, -3.029
5, -2.784
4, -2.574
3, -2.259
2, -1.972
1, -1.714
0, -1.371
-1, -1.063
-2, -0.902
-3, -0.720
-4, -0.490
-5, -0.266
-6, 0.000
-7, 0.245
-8, 0.567
-9, 0.867
-10, 1.049
-11, 1.252
-12, 1.462
-13, 1.672
-14, 1.889
-15, 2.119
-16, 2.413
-17, 2.693
-18, 2.910
-19, 3.134
-20, 3.449
-21, 3.560
-22, 3.728
-22, 3.945
-21, 4.190
-20, 4.407
-19, 4.435
-18, 4.428
-17, 4.400
-16, 4.155
-15, 3.924
-14, 3.862
-13, 3.700
-12, 3.505
-11, 3.274
-10, 3.015
-9, 2.791
-8, 2.581
-7, 2.301
-6, 2.007
-5, 1.742
-4, 1.595
-3, 1.434
-2, 1.210
-1, 0.972
0, 0.797
0, 0.385
1, 0.049
2, -0.154
3, -0.168
4, -0.406
5, -0.685
6, -0.762
7, -0.895
8, -1.119
9, -1.434
10, -1.825
11, -2.126
12, -2.350
13, -2.595
14, -2.721
15, -2.910
16, -3.106
17, -3.358
18, -3.560
19, -3.805
20, -4.176
21, -4.505
22, -4.771
22, -4.974
21, -5.184
20, -5.373
19, -5.394
18, -5.359
17, -5.423
16, -5.317
15, -5.044
14, -4.806
13, -4.561
12, -4.393
11, -4.134
10, -3.812
9, -3.372
8, -3.260
7, -3.134
6, -2.903
5, -2.665
4, -2.448
3, -2.161
2, -1.839
1, -1.553
0, -1.245
-1, -1.021
-2, -0.867
-3, -0.594
-4, -0.378
-5, -0.119
-6, 0.091
-7, 0.364
-8, 0.678
-9, 0.993
-10, 1.140
-11, 1.294
-12, 1.511
-13, 1.749
-14, 1.979
-15, 2.217
-16, 2.497
-17, 2.735
-18, 3.001
-19, 3.218
-20, 3.539
-21, 3.623
-22, 3.777
-22, 3.987
-21, 4.246
-20, 4.477
-19, 4.512
-18, 4.498
-17, 4.477
-16, 4.218
-15, 3.966
-14, 3.883
-13, 3.756
-12, 3.533
-11, 3.302
-10, 3.085
-9, 2.868
-8, 2.630
-7, 2.378
-6, 2.035
-5, 1.784
-4, 1.553
-3, 1.448
-2, 1.252
-1, 1.014
0, 0.825
0, 0.525
1, 0.126
2, -0.126
3, -0.126
4, -0.357
5, -0.615
6, -0.713
7, -0.979
8, -1.175
9, -1.448
10, -1.854
11, -2.168
12, -2.259
13, -2.406
14, -2.686
15, -2.980
16, -3.190
17, -3.379
18, -3.582
19, -3.952
20, -4.344
21, -4.442
22, -4.631
22, -4.869
21, -5.100
20, -5.317
19, -5.345
18, -5.359
17, -5.345
16, -5.191
15, -4.918
14, -4.785
13, -4.736
12, -4.407
11, -4.148
10, -3.917
9, -3.554
8, -3.288
7, -3.022
6, -2.819
5, -2.525
4, -2.371
3, -2.154
2, -1.910
1, -1.644
0, -1.308
-1, -1.014
-2, -0.762
-3, -0.539
-4, -0.245
-5, -0.112
-6, 0.133
-7, 0.399
-8, 0.699
-9, 1.000
-10, 1.175
-11, 1.413
-12, 1.630
-13, 1.909
-14, 2.119
-15, 2.329
-16, 2.553
-17, 2.805
-18, 3.029
-19, 3.218
-20, 3.435
-21, 3.686
-22, 3.910
-22, 4.274
-21, 4.498
-20, 4.603
-19, 4.631
-18, 4.638
-17, 4.603
-16, 4.421
-15, 4.197
-14, 3.959
-13, 3.714
-12, 3.497
-11, 3.211
-10, 3.120
-9, 2.959
-8, 2.679
-7, 2.385
-6, 2.098
-5, 1.881
-4, 1.672
-3, 1.420
-2, 1.154
-1, 0.972
0, 0.783
0, 0.532
1, 0.329
2, 0.049
3, -0.077
4, -0.252
5, -0.518
6, -0.727
7, -0.993
8, -1.259
9, -1.364
10, -1.693
11, -1.958
12, -2.196
13, -2.434
14, -2.658
15, -2.910
16, -3.134
17, -3.358
18, -3.568
19, -3.862
20, -4.113
21, -4.414
22, -4.659
22, -4.848
21, -5.044
20, -5.262
19, -5.297
18, -5.345
17, -5.338
16, -5.226
15, -5.072
14, -4.841
13, -4.596
12, -4.351
11, -4.120
10, -3.903
9, -3.484
8, -3.239
7, -2.987
6, -2.728
5, -2.553
4, -2.413
3, -2.042
2, -1.840
1, -1.616
0, -1.322
-1, -1.028
-2, -0.776
-3, -0.532
-4, -0.329
-5, -0.175
-6, 0.112
-7, 0.357
-8, 0.671
-9, 0.972
-10, 1.133
-11, 1.343
-12, 1.609
-13, 1.881
-14, 2.049
-15, 2.280
-16, 2.532
-17, 2.777
-18, 2.980
-19, 3.162
-20, 3.386
-21, 3.616
-22, 3.854
-22, 4.106
-21, 4.379
-20, 4.526
-19, 4.540
-18, 4.547
-17, 4.526
-16, 4.372
-15, 4.113
-14, 3.897
-13, 3.652
-12, 3.428
-11, 3.162
-10, 2.973
-9, 2.805
-8, 2.595
-7, 2.287
-6, 1.979
-5, 1.777
-4, 1.567
-3, 1.308
-2, 1.063
-1, 0.853
0, 0.657
0, 0.392
1, 0.098
2, -0.140
3, -0.217
4, -0.427
5, -0.678
6, -0.895
7, -1.161
8, -1.329
9, -1.511
10, -1.860
11, -2.063
12, -2.385
13, -2.581
14, -2.812
15, -3.092
16, -3.323
17, -3.511
18, -3.638
19, -3.938
20, -4.302
21, -4.575
22, -4.792
22, -5.023
21, -5.219
20, -5.430
19, -5.464
18, -5.513
17, -5.478
16, -5.423
15, -5.212
14, -5.023
13, -4.785
12, -4.512
11, -4.274
10, -4.064
9, -3.659
8, -3.386
7, -3.134
6, -2.896
5, -2.700
4, -2.567
3, -2.259
2, -2.000
1, -1.728
0, -1.413
-1, -1.119
-2, -0.832
-3, -0.622
-4, -0.427
-5, -0.224
-6, 0.021
-7, 0.259
-8, 0.553
-9, 0.867
-10, 1.042
-11, 1.259
-12, 1.476
-13, 1.749
-14, 2.105
-15, 2.301
-16, 2.469
-17, 2.693
-18, 2.917
-19, 3.134
-20, 3.337
-21, 3.609
-22, 3.854
-22, 4.148
-21, 4.260
-20, 4.456
-19, 4.505
-18, 4.470
-17, 4.470
-16, 4.323
-15, 4.093
-14, 3.869
-13, 3.652
-12, 3.386
-11, 3.260
-10, 3.092
-9, 2.903
-8, 2.623
-7, 2.322
-6, 2.021
-5, 1.805
-4, 1.602
-3, 1.357
-2, 1.105
-1, 0.909
0, 0.741
0, 0.441
1, 0.161
2, -0.063
3, -0.119
4, -0.350
5, -0.615
6, -0.797
7, -1.070
8, -1.217
9, -1.378
10, -1.770
11, -2.035
12, -2.266
13, -2.476
14, -2.700
15, -3.015
16, -3.246
17, -3.421
18, -3.554
19, -3.841
20, -4.183
21, -4.484
22, -4.694
22, -4.897
21, -5.107
20, -5.331
19, -5.373
18, -5.394
17, -5.380
16, -5.226
15, -5.086
14, -4.897
13, -4.659
12, -4.407
11, -4.155
10, -3.903
9, -3.456
8, -3.176
7, -2.952
6, -2.805
5, -2.602
4, -2.392
3, -2.105
2, -1.826
1, -1.546
0, -1.217
-1, -0.937
-2, -0.644
-3, -0.504
-4, -0.301
-5, -0.042
-6, 0.196
-7, 0.468
-8, 0.748
-9, 1.042
-10, 1.238
-11, 1.489
-12, 1.734
-13, 1.916
-14, 2.098
-15, 2.413
-16, 2.637
-17, 2.881
-18, 3.091
-19, 3.280
-20, 3.546
-21, 3.847
-22, 4.029
-22, 4.190
-21, 4.400
-20, 4.617
-19, 4.673
-18, 4.638
-17, 4.631
-16, 4.421
-15, 4.204
-14, 4.022
-13, 3.791
-12, 3.637
-11, 3.490
-10, 3.238
-9, 3.007
-8, 2.777
-7, 2.448
-6, 2.126
-5, 1.895
-4, 1.713
-3, 1.455
-2, 1.287
-1, 1.112
0, 0.923
0, 0.706
1, 0.273
2, -0.035
3, -0.035
4, -0.238
5, -0.525
6, -0.735
7, -0.874
8, -0.993
9, -1.252
10, -1.651
11, -1.973
12, -2.217
13, -2.434
14, -2.637
15, -2.931
16, -3.176
17, -3.302
18, -3.421
19, -3.785
20, -4.155
21, -4.450
22, -4.673
22, -4.883
21, -5.086
20, -5.303
19, -5.352
18, -5.359
17, -5.388
16, -5.352
15, -5.044
14, -4.800
13, -4.625
12, -4.401
11, -4.142
10, -3.862
9, -3.463
8, -3.204
7, -3.050
6, -2.910
5, -2.672
4, -2.455
3, -2.162
2, -1.868
1, -1.595
0, -1.259
-1, -0.937
-2, -0.686
-3, -0.553
-4, -0.350
-5, -0.098
-6, 0.119
-7, 0.398
-8, 0.671
-9, 0.965
-10, 1.147
-11, 1.399
-12, 1.643
-13, 1.825
-14, 2.021
-15, 2.315
-16, 2.553
-17, 2.783
-18, 2.993
-19, 3.210
-20, 3.462
-21, 3.693
-22, 3.966
-22, 4.260
-21, 4.323
-20, 4.505
-19, 4.568
-18, 4.540
-17, 4.540
-16, 4.400
-15, 4.169
-14, 3.938
-13, 3.721
-12, 3.504
-11, 3.329
-10, 3.148
-9, 2.924
-8, 2.686
-7, 2.378
-6, 2.070
-5, 1.804
-4, 1.580
-3, 1.350
-2, 1.203
-1, 1.063
0, 0.902
0, 0.559
1, 0.196
2, -0.098
3, -0.105
4, -0.336
5, -0.588
6, -0.769
7, -0.958
8, -1.042
9, -1.322
10, -1.658
11, -1.994
12, -2.259
13, -2.469
14, -2.714
15, -2.973
16, -3.197
17, -3.407
18, -3.519
19, -3.820
20, -4.183
21, -4.470
22, -4.687
22, -4.890
21, -5.114
20, -5.331
19, -5.366
18, -5.387
17, -5.387
16, -5.296
15, -5.044
14, -4.855
13, -4.639
12, -4.414
11, -4.169
10, -3.917
9, -3.477
8, -3.204
7, -3.092
6, -2.952
5, -2.707
4, -2.483
3, -2.238
2, -1.938
1, -1.581
0, -1.259
-1, -0.951
-2, -0.798
-3, -0.595
-4, -0.406
-5, -0.133
-6, 0.105
-7, 0.384
-8, 0.671
-9, 0.944
-10, 1.161
-11, 1.420
-12, 1.566
-13, 1.720
-14, 1.979
-15, 2.238
-16, 2.511
-17, 2.763
-18, 3.000
-19, 3.245
-20, 3.497
-21, 3.728
-22, 3.882
-22, 4.015
-21, 4.274
-20, 4.519
-19, 4.561
-18, 4.547
-17, 4.540
-16, 4.337
-15, 4.106
-14, 3.861
-13, 3.672
-12, 3.532
-11, 3.371
-10, 3.106
-9, 2.833
-8, 2.623
-7, 2.350
-6, 2.056
-5, 1.776
-4, 1.629
-3, 1.504
-2, 1.259
-1, 1.028
0, 0.825
0, 0.510
1, 0.140
2, -0.161
3, -0.168
4, -0.378
5, -0.623
6, -0.727
7, -0.874
8, -1.112
9, -1.448
10, -1.805
11, -2.091
12, -2.315
13, -2.532
14, -2.763
15, -3.057
16, -3.197
17, -3.351
18, -3.561
19, -3.890
20, -4.282
21, -4.526
22, -4.750
22, -4.975
21, -5.254
20, -5.437
19, -5.499
18, -5.471
17, -5.520
16, -5.409
15, -5.122
14, -4.890
13, -4.687
12, -4.477
11, -4.261
10, -3.995
9, -3.736
8, -3.414
7, -3.239
6, -3.001
5, -2.735
4, -2.476
3, -2.189
2, -1.875
1, -1.637
0, -1.392
-1, -1.203
-2, -0.965
-3, -0.714
-4, -0.504
-5, -0.203
-6, 0.042
-7, 0.287
-8, 0.650
-9, 0.916
-10, 1.014
-11, 1.154
-12, 1.392
-13, 1.643
-14, 1.902
-15, 2.168
-16, 2.448
-17, 2.693
-18, 2.972
-19, 3.099
-20, 3.238
-21, 3.490
-22, 3.707
-22, 3.896
-21, 4.141
-20, 4.386
-19, 4.421
-18, 4.407
-17, 4.407
-16, 4.162
-15, 4.064
-14, 3.833
-13, 3.616
-12, 3.407
-11, 3.204
-10, 2.966
-9, 2.637
-8, 2.350
-7, 2.224
-6, 2.028
-5, 1.860
-4, 1.560
-3, 1.280
-2, 1.028
-1, 0.860
0, 0.574
0, 0.371
1, 0.000
2, -0.231
3, -0.231
4, -0.350
5, -0.608
6, -0.867
7, -1.098
8, -1.301
9, -1.602
10, -1.944
11, -2.161
12, -2.301
13, -2.518
14, -2.770
15, -3.050
16, -3.274
17, -3.469
18, -3.659
19, -4.008
20, -4.400
21, -4.624
22, -4.799
22, -4.953
21, -5.177
20, -5.408
19, -5.457
18, -5.457
17, -5.450
16, -5.338
15, -5.065
14, -4.820
13, -4.666
12, -4.491
11, -4.281
10, -4.050
9, -3.659
8, -3.386
7, -3.197
6, -2.952
5, -2.623
4, -2.308
3, -2.154
2, -1.972
1, -1.721
0, -1.399
-1, -1.140
-2, -0.909
-3, -0.664
-4, -0.441
-5, -0.098
-6, 0.182
-7, 0.378
-8, 0.581
-9, 0.839
-10, 1.042
-11, 1.280
-12, 1.462
-13, 1.679
-14, 1.972
-15, 2.301
-16, 2.525
-17, 2.784
-18, 2.924
-19, 3.092
-20, 3.302
-21, 3.526
-22, 3.742
-22, 3.931
-21, 4.162
-20, 4.386
-19, 4.428
-18, 4.421
-17, 4.414
-16, 4.183
-15, 4.086
-14, 3.841
-13, 3.631
-12, 3.428
-11, 3.211
-10, 2.994
-9, 2.651
-8, 2.413
-7, 2.273
-6, 2.098
-5, 1.882
-4, 1.595
-3, 1.357
-2, 1.105
-1, 0.895
0, 0.623
0, 0.329
1, 0.028
2, -0.210
3, -0.210
4, -0.294
5, -0.573
6, -0.804
7, -1.063
8, -1.259
9, -1.539
10, -1.902
11, -2.182
12, -2.315
13, -2.469
14, -2.749
15, -3.015
16, -3.266
17, -3.462
18, -3.637
19, -3.994
20, -4.365
21, -4.596
22, -4.869
22, -4.988
21, -5.135
20, -5.366
19, -5.422
18, -5.422
17, -5.464
16, -5.331
15, -5.030
14, -4.890
13, -4.855
12, -4.512
11, -4.274
10, -4.036
9, -3.637
8, -3.392
7, -3.155
6, -2.861
5, -2.609
4, -2.434
3, -2.231
2, -1.986
1, -1.734
0, -1.399
-1, -1.098
-2, -0.853
-3, -0.615
-4, -0.322
-5, 0.000
-6, 0.154
-7, 0.336
-8, 0.623
-9, 0.902
-10, 1.056
-11, 1.308
-12, 1.532
-13, 1.763
-14, 2.140
-15, 2.343
-16, 2.504
-17, 2.721
-18, 2.931
-19, 3.141
-20, 3.372
-21, 3.596
-22, 3.819
-22, 4.106
-21, 4.379
-20, 4.519
-19, 4.561
-18, 4.554
-17, 4.547
-16, 4.400
-15, 4.120
-14, 3.903
-13, 3.687
-12, 3.470
-11, 3.204
-10, 3.092
-9, 2.945
-8, 2.644
-7, 2.336
-6, 2.028
-5, 1.868
-4, 1.630
-3, 1.378
-2, 1.105
-1, 0.909
0, 0.741
0, 0.469
1, 0.203
2, 0.007
3, -0.133
4, -0.273
5, -0.587
6, -0.748
7, -1.056
8, -1.245
9, -1.427
10, -1.651
11, -1.979
12, -2.273
13, -2.497
14, -2.679
15, -2.980
16, -3.162
17, -3.358
18, -3.693
19, -4.106
20, -4.267
21, -4.428
22, -4.645
22, -4.876
21, -5.079
20, -5.324
19, -5.387
18, -5.401
17, -5.394
16, -5.310
15, -5.086
14, -4.862
13, -4.617
12, -4.400
11, -4.148
10, -3.917
9, -3.449
8, -3.232
7, -3.071
6, -2.938
5, -2.700
4, -2.462
3, -2.154
2, -1.895
1, -1.658
0, -1.350
-1, -1.042
-2, -0.720
-3, -0.497
-4, -0.329
-5, -0.119
-6, 0.084
-7, 0.336
-8, 0.637
-9, 0.944
-10, 1.133
-11, 1.364
-12, 1.609
-13, 1.860
-14, 2.056
-15, 2.238
-16, 2.497
-17, 2.749
-18, 2.973
-19, 3.155
-20, 3.400
-21, 3.644
-22, 3.854
-22, 4.197
-21, 4.274
-20, 4.484
-19, 4.519
-18, 4.498
-17, 4.484
-16, 4.211
-15, 4.001
-14, 3.840
-13, 3.624
-12, 3.483
-11, 3.344
-10, 3.099
-9, 2.882
-8, 2.644
-7, 2.357
-6, 2.028
-5, 1.770
-4, 1.553
-3, 1.448
-2, 1.266
-1, 1.070
0, 0.874
0, 0.497
1, 0.091
2, -0.154
3, -0.154
4, -0.364
5, -0.643
6, -0.755
7, -0.881
8, -1.084
9, -1.385
10, -1.770
11, -2.063
12, -2.287
13, -2.525
14, -2.742
15, -3.022
16, -3.239
17, -3.379
18, -3.505
19, -3.756
20, -4.190
21, -4.505
22, -4.757
22, -4.925
21, -5.142
20, -5.366
19, -5.394
18, -5.352
17, -5.394
16, -5.303
15, -4.995
14, -4.757
13, -4.526
12, -4.295
11, -4.044
10, -3.743
9, -3.484
8, -3.337
7, -3.141
6, -2.931
5, -2.686
4, -2.448
3, -2.154
2, -1.861
1, -1.574
0, -1.210
-1, -1.049
-2, -0.881
-3, -0.637
-4, -0.406
-5, -0.133
-6, 0.028
-7, 0.294
-8, 0.636
-9, 0.958
-10, 1.189
-11, 1.329
-12, 1.490
-13, 1.706
-14, 1.937
-15, 2.168
-16, 2.476
-17, 2.721
-18, 2.965
-19, 3.169
-20, 3.476
-21, 3.700
-22, 3.833
-22, 3.945
-21, 4.239
-20, 4.484
-19, 4.512
-18, 4.505
-17, 4.491
-16, 4.204
-15, 3.987
-14, 3.882
-13, 3.749
-12, 3.539
-11, 3.309
-10, 3.085
-9, 2.861
-8, 2.623
-7, 2.357
-6, 2.056
-5, 1.770
-4, 1.623
-3, 1.483
-2, 1.259
-1, 1.021
0, 0.881
0, 0.497
1, 0.112
2, -0.112
3, -0.105
4, -0.350
5, -0.615
6, -0.713
7, -0.860
8, -1.042
9, -1.364
10, -1.727
11, -2.049
12, -2.266
13, -2.490
14, -2.714
15, -2.980
16, -3.246
17, -3.309
18, -3.456
19, -3.805
20, -4.197
21, -4.470
22, -4.729
22, -4.918
21, -5.191
20, -5.366
19, -5.387
18, -5.366
17, -5.422
16, -5.282
15, -4.995
14, -4.764
13, -4.519
12, -4.288
11, -4.001
10, -3.854
9, -3.574
8, -3.294
7, -3.127
6, -2.889
5, -2.630
4, -2.364
3, -2.063
2, -1.748
1, -1.497
0, -1.287
-1, -1.105
-2, -0.832
-3, -0.601
-4, -0.385
-5, -0.098
-6, 0.126
-7, 0.420
-8, 0.755
-9, 1.028
-10, 1.119
-11, 1.273
-12, 1.497
-13, 1.714
-14, 1.973
-15, 2.231
-16, 2.483
-17, 2.735
-18, 2.959
-19, 3.218
-20, 3.526
-21, 3.617
-22, 3.792
-22, 3.966
-21, 4.211
-20, 4.421
-19, 4.457
-18, 4.443
-17, 4.422
-16, 4.086
-15, 4.002
-14, 3.876
-13, 3.659
-12, 3.449
-11, 3.225
-10, 3.015
-9, 2.728
-8, 2.434
-7, 2.148
-6, 2.001
-5, 1.889
-4, 1.574
-3, 1.308
-2, 1.077
-1, 0.847
0, 0.630
0, 0.350
1, -0.056
2, -0.265
3, -0.265
4, -0.307
5, -0.601
6, -0.867
7, -1.126
8, -1.280
9, -1.594
10, -1.965
11, -2.273
12, -2.518
13, -2.630
14, -2.749
15, -3.028
16, -3.287
17, -3.518
18, -3.686
19, -4.043
20, -4.428
21, -4.652
22, -4.855
22, -4.911
21, -5.114
20, -5.373
19, -5.506
18, -5.506
17, -5.548
16, -5.443
15, -5.142
14, -4.904
13, -4.659
12, -4.463
11, -4.295
10, -4.162
9, -3.868
8, -3.476
7, -3.308
6, -3.105
5, -2.840
4, -2.511
3, -2.224
2, -1.909
1, -1.769
0, -1.580
-1, -1.266
-2, -0.979
-3, -0.755
-4, -0.524
-5, -0.210
-6, -0.014
-7, 0.287
-8, 0.630
-9, 0.805
-10, 0.944
-11, 1.140
-12, 1.371
-13, 1.602
-14, 1.868
-15, 2.127
-16, 2.392
-17, 2.637
-18, 2.847
-19, 3.022
-20, 3.267
-21, 3.477
-22, 3.659
-22, 3.876
-21, 4.120
-20, 4.316
-19, 4.351
-18, 4.344
-17, 4.331
-16, 4.219
-15, 4.009
-14, 3.771
-13, 3.547
-12, 3.351
-11, 3.134
-10, 2.917
-9, 2.630
-8, 2.330
-7, 2.134
-6, 1.945
-5, 1.847
-4, 1.553
-3, 1.294
-2, 1.028
-1, 0.805
0, 0.574
0, 0.280
1, -0.091
2, -0.328
3, -0.314
4, -0.363
5, -0.643
6, -0.853
7, -1.112
8, -1.322
9, -1.664
10, -2.007
11, -2.301
12, -2.504
13, -2.644
14, -2.742
15, -3.000
16, -3.294
17, -3.539
18, -3.756
19, -4.141
20, -4.463
21, -4.708
22, -5.016
22, -5.086
21, -5.205
20, -5.478
19, -5.555
18, -5.534
17, -5.562
16, -5.436
15, -5.156
14, -4.911
13, -4.624
12, -4.589
11, -4.400
10, -4.120
9, -3.777
8, -3.476
7, -3.301
6, -3.057
5, -2.756
4, -2.511
3, -2.224
2, -1.874
1, -1.706
0, -1.462
-1, -1.210
-2, -0.951
-3, -0.748
-4, -0.490
-5, -0.210
-6, 0.014
-7, 0.420
-8, 0.609
-9, 0.783
-10, 1.000
-11, 1.210
-12, 1.413
-13, 1.644
-14, 1.888
-15, 2.091
-16, 2.497
-17, 2.672
-18, 2.854
-19, 3.050
-20, 3.273
-21, 3.504
-22, 3.707
-22, 3.980
-21, 4.225
-20, 4.393
-19, 4.407
-18, 4.372
-17, 4.386
-16, 4.337
-15, 4.029
-14, 3.777
-13, 3.532
-12, 3.344
-11, 3.106
-10, 2.917
-9, 2.574
-8, 2.399
-7, 2.238
-6, 1.958
-5, 1.735
-4, 1.532
-3, 1.266
-2, 0.986
-1, 0.776
0, 0.469
0, 0.245
1, -0.035
2, -0.210
3, -0.252
4, -0.427
5, -0.671
6, -0.895
7, -1.182
8, -1.406
9, -1.693
10, -2.021
11, -2.252
12, -2.399
13, -2.616
14, -2.882
15, -3.134
16, -3.365
17, -3.554
18, -3.777
19, -4.190
20, -4.463
21, -4.708
22, -4.911
22, -5.072
21, -5.290
20, -5.513
19, -5.577
18, -5.570
17, -5.570
16, -5.444
15, -5.177
14, -4.918
13, -4.779
12, -4.582
11, -4.393
10, -4.148
9, -3.771
8, -3.498
7, -3.302
6, -3.057
5, -2.721
4, -2.413
3, -2.252
2, -2.084
1, -1.826
0, -1.511
-1, -1.252
-2, -0.986
-3, -0.798
-4, -0.581
-5, -0.189
-6, 0.098
-7, 0.224
-8, 0.447
-9, 0.720
-10, 0.916
-11, 1.126
-12, 1.322
-13, 1.566
-14, 1.937
-15, 2.203
-16, 2.364
-17, 2.553
-18, 2.756
-19, 2.965
-20, 3.189
-21, 3.406
-22, 3.602
-22, 3.903
-21, 4.141
-20, 4.288
-19, 4.316
-18, 4.295
-17, 4.295
-16, 4.267
-15, 3.924
-14, 3.686
-13, 3.455
-12, 3.273
-11, 3.071
-10, 2.819
-9, 2.511
-8, 2.350
-7, 2.140
-6, 1.846
-5, 1.671
-4, 1.427
-3, 1.189
-2, 0.902
-1, 0.699
0, 0.441
0, 0.140
1, -0.105
2, -0.280
3, -0.343
4, -0.476
5, -0.748
6, -0.979
7, -1.252
8, -1.441
9, -1.735
10, -2.126
11, -2.308
12, -2.497
13, -2.714
14, -2.952
15, -3.197
16, -3.421
17, -3.631
18, -3.840
19, -4.239
20, -4.582
21, -4.701
22, -4.876
22, -5.100
21, -5.296
20, -5.534
19, -5.577
18, -5.584
17, -5.584
16, -5.450
15, -5.149
14, -5.009
13, -4.946
12, -4.659
11, -4.400
10, -4.141
9, -3.791
8, -3.518
7, -3.295
6, -3.029
5, -2.728
4, -2.245
3, -2.217
2, -2.056
1, -1.818
0, -1.504
-1, -1.238
-2, -0.951
-3, -0.734
-4, -0.462
-5, -0.154
-6, 0.007
-7, 0.182
-8, 0.490
-9, 0.797
-10, 0.993
-11, 1.196
-12, 1.434
-13, 1.700
-14, 1.924
-15, 2.119
-16, 2.371
-17, 2.637
-18, 2.840
-19, 3.029
-20, 3.295
-21, 3.504
-22, 3.714
-22, 4.008
-21, 4.309
-20, 4.421
-19, 4.428
-18, 4.442
-17, 4.407
-16, 4.358
-15, 3.994
-14, 3.771
-13, 3.540
-12, 3.351
-11, 3.099
-10, 2.875
-9, 2.763
-8, 2.539
-7, 2.266
-6, 1.945
-5, 1.721
-4, 1.476
-3, 1.273
-2, 1.028
-1, 0.805
0, 0.630
0, 0.392
1, 0.126
2, -0.147
3, -0.238
4, -0.391
5, -0.678
6, -0.923
7, -1.161
8, -1.364
9, -1.573
10, -1.909
11, -2.175
12, -2.441
13, -2.672
14, -2.805
15, -2.903
16, -3.224
17, -3.434
18, -3.616
19, -3.980
20, -4.344
21, -4.582
22, -4.855
22, -5.072
21, -5.317
20, -5.492
19, -5.506
18, -5.478
17, -5.541
16, -5.429
15, -5.114
14, -4.883
13, -4.638
12, -4.449
11, -4.169
10, -4.008
9, -3.735
8, -3.434
7, -3.245
6, -3.014
5, -2.742
4, -2.427
3, -2.154
2, -1.846
1, -1.671
0, -1.469
-1, -1.182
-2, -0.930
-3, -0.706
-4, -0.482
-5, -0.231
-6, 0.021
-7, 0.280
-8, 0.497
-9, 0.798
-10, 0.993
-11, 1.224
-12, 1.406
-13, 1.630
-14, 1.903
-15, 2.140
-16, 2.462
-17, 2.728
-18, 2.875
-19, 3.043
-20, 3.246
-21, 3.505
-22, 3.694
-22, 3.910
-21, 4.134
-20, 4.365
-19, 4.400
-18, 4.379
-17, 4.373
-16, 4.120
-15, 4.016
-14, 3.799
-13, 3.568
-12, 3.372
-11, 3.148
-10, 2.938
-9, 2.637
-8, 2.434
-7, 2.120
-6, 1.959
-5, 1.847
-4, 1.574
-3, 1.294
-2, 1.028
-1, 0.812
0, 0.623
0, 0.336
1, -0.056
2, -0.294
3, -0.287
4, -0.475
5, -0.552
6, -0.811
7, -1.098
8, -1.301
9, -1.608
10, -1.965
11, -2.266
12, -2.483
13, -2.602
14, -2.756
15, -3.022
16, -3.294
17, -3.455
18, -3.686
19, -4.015
20, -4.379
21, -4.603
22, -4.876
22, -5.093
21, -5.261
20, -5.415
19, -5.492
18, -5.485
17, -5.527
16, -5.444
15, -5.149
14, -4.904
13, -4.645
12, -4.435
11, -4.162
10, -4.022
9, -3.777
8, -3.449
7, -3.267
6, -3.036
5, -2.756
4, -2.448
3, -2.231
2, -1.909
1, -1.581
0, -1.392
-1, -1.175
-2, -0.937
-3, -0.713
-4, -0.497
-5, -0.182
-6, 0.049
-7, 0.315
-8, 0.678
-9, 0.832
-10, 0.944
-11, 1.182
-12, 1.399
-13, 1.629
-14, 1.881
-15, 2.119
-16, 2.399
-17, 2.637
-18, 2.882
-19, 3.064
-20, 3.204
-21, 3.469
-22, 3.693
-22, 3.896
-21, 4.134
-20, 4.379
-19, 4.407
-18, 4.393
-17, 4.379
-16, 4.134
-15, 4.001
-14, 3.819
-13, 3.630
-12, 3.400
-11, 3.176
-10, 2.945
-9, 2.686
-8, 2.441
-7, 2.147
-6, 1.979
-5, 1.902
-4, 1.609
-3, 1.315
-2, 1.049
-1, 0.853
0, 0.623
0, 0.322
1, -0.063
2, -0.280
3, -0.273
4, -0.315
5, -0.622
6, -0.853
7, -1.140
8, -1.266
9, -1.560
10, -1.951
11, -2.273
12, -2.406
13, -2.532
14, -2.812
15, -3.036
16, -3.288
17, -3.504
18, -3.735
19, -4.050
20, -4.365
21, -4.624
22, -4.911
22, -5.044
21, -5.156
20, -5.443
19, -5.520
18, -5.506
17, -5.527
16, -5.422
15, -5.142
14, -4.897
13, -4.631
12, -4.512
11, -4.358
10, -4.134
9, -3.798
8, -3.483
7, -3.316
6, -3.064
5, -2.784
4, -2.413
3, -2.196
2, -2.000
1, -1.833
0, -1.504
-1, -1.231
-2, -0.972
-3, -0.748
-4, -0.504
-5, -0.210
-6, 0.070
-7, 0.273
-8, 0.504
-9, 0.790
-10, 0.958
-11, 1.175
-12, 1.399
-13, 1.602
-14, 1.972
-15, 2.196
-16, 2.476
-17, 2.658
-18, 2.826
-19, 3.008
-20, 3.238
-21, 3.490
-22, 3.679
-22, 3.896
-21, 4.148
-20, 4.358
-19, 4.386
-18, 4.379
-17, 4.358
-16, 4.225
-15, 4.008
-14, 3.785
-13, 3.575
-12, 3.393
-11, 3.162
-10, 2.924
-9, 2.616
-8, 2.322
-7, 2.203
-6, 1.993
-5, 1.826
-4, 1.560
-3, 1.329
-2, 1.077
-1, 0.853
0, 0.651
