0, -0.273
1, -0.490
2, -0.678
3, -0.685
4, -0.685
5, -0.741
6, -1.070
7, -1.154
8, -1.441
9, -1.713
10, -1.776
11, -2.231
12, -2.434
13, -2.707
14, -2.931
15, -3.148
16, -3.316
17, -3.623
18, -3.749
19, -4.001
20, -4.148
21, -4.575
22, -4.869
22, -5.163
21, -5.331
20, -5.548
19, -5.724
18, -5.801
17, -5.794
16, -5.779
15, -5.829
14, -5.765
13, -5.548
12, -5.310
11, -5.072
10, -4.785
9, -4.519
8, -4.330
7, -3.952
6, -3.687
5, -3.483
4, -3.190
3, -2.952
2, -2.707
1, -2.392
0, -2.217
-1, -1.958
-2, -1.553
-3, -1.287
-4, -1.014
-5, -0.930
-6, -0.608
-7, -0.287
-8, -0.168
-9, 0.014
-10, 0.245
-11, 0.553
-12, 0.651
-13, 0.937
-14, 1.175
-15, 1.385
-16, 1.686
-17, 2.008
-18, 2.287
-19, 2.504
-20, 2.770
-21, 2.931
-22, 3.176
-22, 3.435
-21, 3.575
-20, 3.841
-19, 4.128
-18, 4.128
-17, 4.107
-16, 4.114
-15, 4.100
-14, 3.988
-13, 3.687
-12, 3.484
-11, 3.267
-10, 3.099
-9, 2.917
-8, 2.651
-7, 2.350
-6, 2.259
-5, 1.980
-4, 1.735
-3, 1.581
-2, 1.336
-1, 1.084
0, 0.867
0, 0.567
1, 0.378
2, 0.140
3, -0.140
4, -0.322
5, -0.510
6, -0.629
7, -0.986
8, -1.077
9, -1.350
10, -1.462
11, -1.867
12, -2.000
13, -2.371
14, -2.483
15, -2.749
16, -2.945
17, -3.260
18, -3.442
19, -3.610
20, -3.903
21, -4.190
22, -4.512
22, -4.736
21, -4.932
20, -5.121
19, -5.296
18, -5.380
17, -5.409
16, -5.457
15, -5.450
14, -5.331
13, -5.163
12, -4.918
11, -4.701
10, -4.470
9, -4.197
8, -4.029
7, -3.638
6, -3.400
5, -3.190
4, -2.966
3, -2.728
2, -2.413
1, -2.133
0, -1.923
-1, -1.602
-2, -1.301
-3, -1.126
-4, -0.776
-5, -0.643
-6, -0.406
-7, -0.112
-8, 0.140
-9, 0.378
-10, 0.658
-11, 0.860
-12, 0.965
-13, 1.280
-14, 1.469
-15, 1.637
-16, 2.021
-17, 2.210
-18, 2.434
-19, 2.749
-20, 2.910
-21, 3.043
-22, 3.344
-22, 3.547
-21, 3.708
-20, 4.030
-19, 4.254
-18, 4.337
-17, 4.309
-16, 4.309
-15, 4.295
-14, 4.177
-13, 3.890
-12, 3.764
-11, 3.456
-10, 3.337
-9, 3.064
-8, 2.826
-7, 2.623
-6, 2.364
-5, 2.105
-4, 1.840
-3, 1.623
-2, 1.322
-1, 1.147
0, 0.951
0, 0.727
1, 0.441
2, 0.266
3, -0.035
4, -0.182
5, -0.357
6, -0.531
7, -0.804
8, -0.909
9, -1.238
10, -1.441
11, -1.707
12, -2.007
13, -2.301
14, -2.497
15, -2.770
16, -2.931
17, -3.218
18, -3.386
19, -3.631
20, -3.792
21, -4.239
22, -4.491
22, -4.757
21, -4.897
20, -5.072
19, -5.317
18, -5.409
17, -5.388
16, -5.471
15, -5.423
14, -5.296
13, -5.121
12, -4.911
11, -4.715
10, -4.512
9, -4.274
8, -4.001
7, -3.700
6, -3.323
5, -3.127
4, -2.917
3, -2.602
2, -2.392
1, -2.266
0, -1.895
-1, -1.700
-2, -1.413
-3, -1.112
-4, -0.944
-5, -0.664
-6, -0.413
-7, -0.077
-8, 0.084
-9, 0.308
-10, 0.623
-11, 0.804
-12, 1.028
-13, 1.280
-14, 1.497
-15, 1.707
-16, 2.070
-17, 2.189
-18, 2.455
-19, 2.665
-20, 2.903
-21, 3.106
-22, 3.393
-22, 3.547
-21, 3.757
-20, 4.079
-19, 4.162
-18, 4.337
-17, 4.316
-16, 4.316
-15, 4.289
-14, 4.079
-13, 3.834
-12, 3.652
-11, 3.470
-10, 3.330
-9, 3.127
-8, 2.868
-7, 2.630
-6, 2.476
-5, 2.112
-4, 1.910
-3, 1.672
-2, 1.406
-1, 1.217
0, 0.902
0, 0.651
1, 0.434
2, 0.147
3, -0.098
4, -0.217
5, -0.301
6, -0.545
7, -0.720
8, -0.818
9, -1.126
10, -1.399
11, -1.665
12, -1.916
13, -2.287
14, -2.434
15, -2.630
16, -2.903
17, -3.148
18, -3.421
19, -3.617
20, -3.784
21, -4.022
22, -4.435
22, -4.687
21, -4.925
20, -5.149
19, -5.352
18, -5.402
17, -5.409
16, -5.437
15, -5.464
14, -5.366
13, -5.163
12, -4.960
11, -4.757
10, -4.498
9, -4.260
8, -4.050
7, -3.652
6, -3.309
5, -3.148
4, -2.938
3, -2.623
2, -2.399
1, -2.266
0, -1.951
-1, -1.714
-2, -1.406
-3, -1.203
-4, -0.874
-5, -0.713
-6, -0.427
-7, -0.119
-8, 0.140
-9, 0.322
-10, 0.720
-11, 0.930
-12, 1.056
-13, 1.371
-14, 1.462
-15, 1.728
-16, 2.042
-17, 2.245
-18, 2.553
-19, 2.847
-20, 2.959
-21, 3.148
-22, 3.421
-22, 3.582
-21, 3.827
-20, 4.134
-19, 4.240
-18, 4.373
-17, 4.351
-16, 4.344
-15, 4.323
-14, 4.295
-13, 3.911
-12, 3.820
-11, 3.498
-10, 3.386
-9, 3.134
-8, 2.812
-7, 2.567
-6, 2.420
-5, 2.105
-4, 1.861
-3, 1.637
-2, 1.343
-1, 1.168
0, 0.979
0, 0.818
1, 0.455
2, 0.308
3, 0.007
4, -0.126
5, -0.308
6, -0.461
7, -0.629
8, -0.902
9, -1.091
10, -1.301
11, -1.560
12, -1.909
13, -2.280
14, -2.448
15, -2.693
16, -2.875
17, -3.141
18, -3.379
19, -3.602
20, -3.819
21, -4.085
22, -4.491
22, -4.652
21, -4.862
20, -5.100
19, -5.373
18, -5.394
17, -5.408
16, -5.415
15, -5.457
14, -5.373
13, -5.184
12, -4.953
11, -4.687
10, -4.421
9, -4.197
8, -4.029
7, -3.742
6, -3.414
5, -3.260
4, -3.029
3, -2.714
2, -2.490
1, -2.308
0, -1.916
-1, -1.741
-2, -1.469
-3, -1.133
-4, -0.986
-5, -0.783
-6, -0.482
-7, -0.231
-8, -0.084
-9, 0.224
-10, 0.462
-11, 0.735
-12, 0.965
-13, 1.161
-14, 1.315
-15, 1.602
-16, 1.784
-17, 1.994
-18, 2.378
-19, 2.532
-20, 2.812
-21, 3.071
-22, 3.267
-22, 3.477
-21, 3.736
-20, 4.037
-19, 4.156
-18, 4.302
-17, 4.240
-16, 4.240
-15, 4.247
-14, 4.009
-13, 3.869
-12, 3.561
-11, 3.414
-10, 3.183
-9, 2.917
-8, 2.707
-7, 2.497
-6, 2.245
-5, 2.015
-4, 1.819
-3, 1.616
-2, 1.343
-1, 1.070
0, 0.860
0, 0.623
1, 0.385
2, 0.175
3, -0.126
4, -0.252
5, -0.475
6, -0.685
7, -0.818
8, -1.189
9, -1.273
10, -1.567
11, -1.720
12, -2.035
13, -2.350
14, -2.546
15, -2.742
16, -3.001
17, -3.134
18, -3.435
19, -3.630
20, -3.896
21, -4.162
22, -4.533
22, -4.778
21, -4.939
20, -5.156
19, -5.429
18, -5.485
17, -5.478
16, -5.478
15, -5.527
14, -5.408
13, -5.135
12, -4.848
11, -4.680
10, -4.442
9, -4.246
8, -3.910
7, -3.707
6, -3.414
5, -3.316
4, -3.148
3, -2.812
2, -2.651
1, -2.434
0, -2.154
-1, -1.944
-2, -1.623
-3, -1.273
-4, -1.070
-5, -0.825
-6, -0.531
-7, -0.301
-8, -0.161
-9, 0.168
-10, 0.448
-11, 0.749
-12, 0.930
-13, 1.189
-14, 1.343
-15, 1.560
-16, 1.924
-17, 2.105
-18, 2.406
-19, 2.707
-20, 2.805
-21, 3.015
-22, 3.162
-22, 3.393
-21, 3.687
-20, 3.799
-19, 4.009
-18, 4.261
-17, 4.198
-16, 4.219
-15, 4.212
-14, 3.932
-13, 3.778
-12, 3.540
-11, 3.456
-10, 3.232
-9, 3.043
-8, 2.854
-7, 2.651
-6, 2.336
-5, 2.162
-4, 1.847
-3, 1.658
-2, 1.441
-1, 1.147
0, 0.895
0, 0.749
1, 0.511
2, 0.266
3, 0.014
4, -0.259
5, -0.419
6, -0.615
7, -0.832
8, -0.986
9, -1.252
10, -1.483
11, -1.825
12, -2.098
13, -2.287
14, -2.490
15, -2.714
16, -2.945
17, -3.141
18, -3.414
19, -3.497
20, -3.707
21, -4.043
22, -4.337
22, -4.652
21, -4.925
20, -5.093
19, -5.254
18, -5.478
17, -5.450
16, -5.471
15, -5.457
14, -5.387
13, -5.121
12, -4.925
11, -4.694
10, -4.414
9, -4.204
8, -3.938
7, -3.616
6, -3.435
5, -3.218
4, -2.931
3, -2.742
2, -2.490
1, -2.147
0, -1.986
-1, -1.734
-2, -1.378
-3, -1.105
-4, -0.888
-5, -0.566
-6, -0.343
-7, -0.112
-8, 0.189
-9, 0.343
-10, 0.644
-11, 0.972
-12, 1.084
-13, 1.315
-14, 1.630
-15, 1.868
-16, 2.064
-17, 2.406
-18, 2.455
-19, 2.693
-20, 2.931
-21, 3.050
-22, 3.246
-22, 3.540
-21, 3.673
-20, 3.988
-19, 4.352
-18, 4.345
-17, 4.309
-16, 4.316
-15, 4.302
-14, 4.163
-13, 3.897
-12, 3.764
-11, 3.575
-10, 3.323
-9, 3.162
-8, 2.931
-7, 2.658
-6, 2.469
-5, 2.189
-4, 1.924
-3, 1.742
-2, 1.497
-1, 1.217
0, 0.965
0, 0.679
1, 0.462
2, 0.161
3, -0.042
4, -0.238
5, -0.406
6, -0.559
7, -0.783
8, -0.944
9, -1.196
10, -1.371
11, -1.727
12, -1.951
13, -2.238
14, -2.490
15, -2.679
16, -2.861
17, -3.120
18, -3.351
19, -3.596
20, -3.840
21, -4.127
22, -4.407
22, -4.736
21, -4.939
20, -5.142
19, -5.394
18, -5.513
17, -5.471
16, -5.520
15, -5.506
14, -5.401
13, -5.079
12, -4.974
11, -4.715
10, -4.463
9, -4.316
8, -4.008
7, -3.631
6, -3.414
5, -3.148
4, -3.036
3, -2.791
2, -2.518
1, -2.301
0, -2.063
-1, -1.762
-2, -1.469
-3, -1.273
-4, -0.965
-5, -0.720
-6, -0.545
-7, -0.161
-8, 0.042
-9, 0.259
-10, 0.574
-11, 0.874
-12, 1.014
-13, 1.266
-14, 1.497
-15, 1.665
-16, 1.993
-17, 2.245
-18, 2.462
-19, 2.686
-20, 2.910
-21, 2.980
-22, 3.267
-22, 3.519
-21, 3.680
-20, 3.981
-19, 4.268
-18, 4.288
-17, 4.275
-16, 4.268
-15, 4.240
-14, 4.177
-13, 3.792
-12, 3.729
-11, 3.491
-10, 3.323
-9, 3.148
-8, 2.854
-7, 2.574
-6, 2.399
-5, 2.098
-4, 1.819
-3, 1.672
-2, 1.378
-1, 1.154
0, 0.944
0, 0.714
1, 0.504
2, 0.182
3, -0.014
4, -0.224
5, -0.392
6, -0.615
7, -0.867
8, -1.007
9, -1.301
10, -1.497
11, -1.860
12, -2.035
13, -2.308
14, -2.581
15, -2.735
16, -2.980
17, -3.211
18, -3.442
19, -3.554
20, -3.742
21, -4.008
22, -4.407
22, -4.715
21, -4.995
20, -5.219
19, -5.416
18, -5.563
17, -5.514
16, -5.577
15, -5.556
14, -5.437
13, -5.261
12, -5.044
11, -4.806
10, -4.645
9, -4.358
8, -4.113
7, -3.883
6, -3.574
5, -3.351
4, -3.141
3, -2.840
2, -2.504
1, -2.329
0, -2.049
-1, -1.762
-2, -1.441
-3, -1.231
-4, -0.930
-5, -0.699
-6, -0.503
-7, -0.147
-8, 0.000
-9, 0.217
-10, 0.581
-11, 0.797
-12, 0.944
-13, 1.259
-14, 1.392
-15, 1.665
-16, 1.987
-17, 2.008
-18, 2.371
-19, 2.553
-20, 2.735
-21, 3.001
-22, 3.302
-22, 3.498
-21, 3.785
-20, 4.037
-19, 4.086
-18, 4.288
-17, 4.254
-16, 4.247
-15, 4.219
-14, 4.044
-13, 3.757
-12, 3.610
-11, 3.379
-10, 3.085
-9, 2.959
-8, 2.714
-7, 2.518
-6, 2.378
-5, 2.063
-4, 1.861
-3, 1.616
-2, 1.343
-1, 1.175
0, 0.895
0, 0.679
1, 0.455
2, 0.189
3, -0.070
4, -0.231
5, -0.392
6, -0.636
7, -0.755
8, -1.063
9, -1.189
10, -1.469
11, -1.637
12, -2.084
13, -2.224
14, -2.532
15, -2.721
16, -2.980
17, -3.281
18, -3.421
19, -3.638
20, -3.841
21, -4.246
22, -4.575
22, -4.680
21, -4.982
20, -5.129
19, -5.366
18, -5.423
17, -5.402
16, -5.395
15, -5.457
14, -5.395
13, -5.191
12, -4.967
11, -4.757
10, -4.428
9, -4.155
8, -3.994
7, -3.546
6, -3.316
5, -3.190
4, -2.910
3, -2.728
2, -2.574
1, -2.182
0, -1.930
-1, -1.749
-2, -1.329
-3, -1.175
-4, -0.944
-5, -0.671
-6, -0.524
-7, -0.252
-8, 0.098
-9, 0.329
-10, 0.560
-11, 0.916
-12, 1.091
-13, 1.266
-14, 1.539
-15, 1.630
-16, 1.889
-17, 2.238
-18, 2.399
-19, 2.630
-20, 2.980
-21, 3.281
-22, 3.491
-22, 3.701
-21, 3.938
-20, 4.093
-19, 4.302
-18, 4.450
-17, 4.394
-16, 4.401
-15, 4.394
-14, 4.142
-13, 3.932
-12, 3.806
-11, 3.547
-10, 3.379
-9, 3.113
-8, 2.896
-7, 2.658
-6, 2.371
-5, 2.280
-4, 1.938
-3, 1.812
-2, 1.567
-1, 1.385
0, 1.035
0, 0.909
1, 0.665
2, 0.434
3, 0.112
4, -0.112
5, -0.329
6, -0.434
7, -0.699
8, -0.874
9, -1.119
10, -1.322
11, -1.602
12, -1.916
13, -2.161
14, -2.406
15, -2.630
16, -2.798
17, -3.113
18, -3.330
19, -3.498
20, -3.735
21, -4.155
22, -4.323
22, -4.632
21, -4.855
20, -5.044
19, -5.177
18, -5.374
17, -5.359
16, -5.359
15, -5.366
14, -5.276
13, -5.023
12, -4.904
11, -4.624
10, -4.344
9, -4.204
8, -3.910
7, -3.561
6, -3.344
5, -3.064
4, -2.889
3, -2.651
2, -2.322
1, -2.056
0, -1.832
-1, -1.546
-2, -1.217
-3, -1.056
-4, -0.727
-5, -0.601
-6, -0.413
-7, -0.070
-8, 0.098
-9, 0.329
-10, 0.686
-11, 0.909
-12, 1.063
-13, 1.378
-14, 1.553
-15, 1.721
-16, 2.098
-17, 2.294
-18, 2.518
-19, 2.798
-20, 3.015
-21, 3.225
-22, 3.470
-22, 3.708
-21, 3.869
-20, 4.099
-19, 4.387
-18, 4.394
-17, 4.380
-16, 4.380
-15, 4.365
-14, 4.358
-13, 3.946
-12, 3.904
-11, 3.603
-10, 3.442
-9, 3.260
-8, 2.966
-7, 2.707
-6, 2.462
-5, 2.252
-4, 1.959
-3, 1.805
-2, 1.518
-1, 1.322
0, 1.056
0, 0.818
1, 0.630
2, 0.287
3, 0.091
4, -0.147
5, -0.301
6, -0.476
7, -0.797
8, -0.930
9, -1.210
10, -1.301
11, -1.755
12, -1.888
13, -2.161
14, -2.350
15, -2.560
16, -2.812
17, -3.099
18, -3.358
19, -3.511
20, -3.770
21, -4.197
22, -4.330
22, -4.617
21, -4.715
20, -4.960
19, -5.100
18, -5.324
17, -5.324
16, -5.345
15, -5.324
14, -5.268
13, -5.058
12, -4.869
11, -4.624
10, -4.351
9, -4.183
8, -3.917
7, -3.518
6, -3.316
5, -3.078
4, -2.861
3, -2.637
2, -2.280
1, -2.091
0, -1.762
-1, -1.504
-2, -1.280
-3, -0.965
-4, -0.678
-5, -0.455
-6, -0.259
-7, 0.035
-8, 0.238
-9, 0.413
-10, 0.811
-11, 0.972
-12, 1.112
-13, 1.434
-14, 1.553
-15, 1.812
-16, 2.154
-17, 2.315
-18, 2.553
-19, 2.861
-20, 3.064
-21, 3.274
-22, 3.505
-22, 3.708
-21, 3.960
-20, 4.170
-19, 4.450
-18, 4.470
-17, 4.450
-16, 4.443
-15, 4.415
-14, 4.394
-13, 3.967
-12, 3.904
-11, 3.568
-10, 3.463
-9, 3.204
-8, 2.917
-7, 2.679
-6, 2.357
-5, 2.203
-4, 1.868
-3, 1.798
-2, 1.553
-1, 1.364
0, 1.091
0, 0.902
1, 0.693
2, 0.357
3, 0.105
4, -0.112
5, -0.259
6, -0.497
7, -0.762
8, -0.818
9, -1.154
10, -1.287
11, -1.679
12, -1.895
13, -2.196
14, -2.462
15, -2.616
16, -2.882
17, -3.092
18, -3.302
19, -3.491
20, -3.763
21, -4.072
22, -4.323
22, -4.631
21, -4.800
20, -5.044
19, -5.226
18, -5.345
17, -5.317
16, -5.338
15, -5.317
14, -5.121
13, -4.939
12, -4.792
11, -4.589
10, -4.407
9, -4.176
8, -3.938
7, -3.645
6, -3.295
5, -3.106
4, -2.931
3, -2.679
2, -2.350
1, -2.035
0, -1.839
-1, -1.560
-2, -1.203
-3, -1.014
-4, -0.664
-5, -0.476
-6, -0.273
-7, 0.105
-8, 0.259
-9, 0.476
-10, 0.853
-11, 1.035
-12, 1.210
-13, 1.504
-14, 1.707
-15, 1.938
-16, 2.161
-17, 2.420
-18, 2.658
-19, 2.854
-20, 3.120
-21, 3.197
-22, 3.477
-22, 3.596
-21, 3.813
-20, 4.079
-19, 4.233
-18, 4.443
-17, 4.443
-16, 4.401
-15, 4.401
-14, 4.351
-13, 3.910
-12, 3.841
-11, 3.554
-10, 3.393
-9, 3.127
-8, 2.924
-7, 2.728
-6, 2.469
-5, 2.238
-4, 1.952
-3, 1.735
-2, 1.455
-1, 1.315
0, 1.084
0, 0.825
1, 0.658
2, 0.392
3, 0.133
4, -0.105
5, -0.182
6, -0.538
7, -0.615
8, -0.937
9, -1.119
10, -1.308
11, -1.686
12, -2.070
13, -2.238
14, -2.553
15, -2.700
16, -2.945
17, -3.169
18, -3.323
19, -3.547
20, -3.777
21, -4.106
22, -4.393
22, -4.687
21, -4.834
20, -5.093
19, -5.338
18, -5.331
17, -5.338
16, -5.359
15, -5.387
14, -5.268
13, -5.030
12, -4.834
11, -4.610
10, -4.358
9, -4.197
8, -4.008
7, -3.631
6, -3.463
5, -3.232
4, -2.938
3, -2.693
2, -2.476
1, -2.189
0, -1.902
-1, -1.735
-2, -1.378
-3, -1.063
-4, -0.832
-5, -0.692
-6, -0.392
-7, -0.084
-8, 0.091
-9, 0.427
-10, 0.741
-11, 0.972
-12, 1.091
-13, 1.357
-14, 1.546
-15, 1.707
-16, 1.987
-17, 2.224
-18, 2.420
-19, 2.700
-20, 2.847
-21, 3.029
-22, 3.344
-22, 3.505
-21, 3.722
-20, 4.009
-19, 4.233
-18, 4.330
-17, 4.309
-16, 4.282
-15, 4.282
-14, 4.282
-13, 3.925
-12, 3.792
-11, 3.533
-10, 3.386
-9, 3.134
-8, 2.910
-7, 2.623
-6, 2.455
-5, 2.154
-4, 1.924
-3, 1.665
-2, 1.364
-1, 1.252
0, 0.930
0, 0.762
1, 0.427
2, 0.217
3, -0.147
4, -0.168
5, -0.378
6, -0.538
7, -0.811
8, -0.944
9, -1.301
10, -1.399
11, -1.853
12, -2.021
13, -2.371
14, -2.511
15, -2.693
16, -2.868
17, -3.190
18, -3.400
19, -3.631
20, -3.883
21, -4.239
22, -4.435
22, -4.743
21, -4.968
20, -5.163
19, -5.359
18, -5.464
17, -5.437
16, -5.499
15, -5.464
14, -5.324
13, -5.156
12, -4.918
11, -4.701
10, -4.456
9, -4.162
8, -3.994
7, -3.596
6, -3.316
5, -3.260
4, -3.015
3, -2.700
2, -2.455
1, -2.217
0, -1.958
-1, -1.623
-2, -1.301
-3, -1.084
-4, -0.776
-5, -0.657
-6, -0.490
-7, -0.119
-8, 0.126
-9, 0.378
-10, 0.665
-11, 0.944
-12, 1.084
-13, 1.294
-14, 1.574
-15, 1.714
-16, 1.945
-17, 2.231
-18, 2.490
-19, 2.644
-20, 2.910
-21, 2.931
-22, 3.176
-22, 3.428
-21, 3.575
-20, 3.988
-19, 4.148
-18, 4.309
-17, 4.295
-16, 4.282
-15, 4.261
-14, 4.072
-13, 3.890
-12, 3.708
-11, 3.526
-10, 3.365
-9, 3.155
-8, 2.840
-7, 2.630
-6, 2.462
-5, 2.119
-4, 1.938
-3, 1.658
-2, 1.406
-1, 1.245
0, 0.958
0, 0.818
1, 0.469
2, 0.273
3, 0.028
4, -0.140
5, -0.343
6, -0.566
7, -0.818
8, -0.944
9, -1.210
10, -1.385
11, -1.644
12, -1.909
13, -2.224
14, -2.427
15, -2.623
16, -2.861
17, -3.148
18, -3.330
19, -3.568
20, -3.770
21, -4.106
22, -4.393
22, -4.639
21, -4.827
20, -5.051
19, -5.324
18, -5.331
17, -5.324
16, -5.345
15, -5.366
14, -5.261
13, -5.009
12, -4.890
11, -4.743
10, -4.470
9, -4.211
8, -4.043
7, -3.666
6, -3.337
5, -3.218
4, -2.959
3, -2.700
2, -2.518
1, -2.140
0, -1.923
-1, -1.686
-2, -1.315
-3, -1.070
-4, -0.839
-5, -0.608
-6, -0.273
-7, 0.028
-8, 0.140
-9, 0.455
-10, 0.706
-11, 0.937
-12, 1.119
-13, 1.399
-14, 1.511
-15, 1.770
-16, 2.091
-17, 2.133
-18, 2.532
-19, 2.623
-20, 2.882
-21, 3.134
-22, 3.323
-22, 3.617
-21, 3.827
-20, 4.037
-19, 4.316
-18, 4.443
-17, 4.379
-16, 4.400
-15, 4.379
-14, 4.079
-13, 3.883
-12, 3.764
-11, 3.526
-10, 3.323
-9, 3.085
-8, 2.973
-7, 2.756
-6, 2.511
-5, 2.329
-4, 2.021
-3, 1.917
-2, 1.553
-1, 1.385
0, 1.063
0, 0.909
1, 0.657
2, 0.392
3, 0.042
4, -0.196
5, -0.364
6, -0.539
7, -0.818
8, -0.923
9, -1.238
10, -1.315
11, -1.532
12, -1.784
13, -2.084
14, -2.350
15, -2.511
16, -2.805
17, -3.071
18, -3.316
19, -3.505
20, -3.638
21, -4.079
22, -4.309
22, -4.611
21, -4.855
20, -5.030
19, -5.205
18, -5.381
17, -5.346
16, -5.388
15, -5.352
14, -5.247
13, -4.968
12, -4.778
11, -4.568
10, -4.267
9, -4.106
8, -3.855
7, -3.505
6, -3.309
5, -3.120
4, -2.854
3, -2.728
2, -2.371
1, -2.063
0, -1.847
-1, -1.560
-2, -1.154
-3, -0.860
-4, -0.713
-5, -0.455
-6, -0.266
-7, -0.021
-8, 0.189
-9, 0.441
-10, 0.741
-11, 0.937
-12, 1.210
-13, 1.392
-14, 1.616
-15, 1.917
-16, 2.098
-17, 2.420
-18, 2.679
-19, 2.959
-20, 3.085
-21, 3.330
-22, 3.400
-22, 3.722
-21, 3.987
-20, 4.127
-19, 4.429
-18, 4.526
-17, 4.457
-16, 4.484
-15, 4.477
-14, 4.204
-13, 4.030
-12, 3.820
-11, 3.714
-10, 3.477
-9, 3.274
-8, 3.113
-7, 2.882
-6, 2.602
-5, 2.343
-4, 2.112
-3, 1.910
-2, 1.651
-1, 1.413
0, 1.070
0, 0.909
1, 0.657
2, 0.371
3, 0.105
4, -0.035
5, -0.077
6, -0.427
7, -0.511
8, -0.804
9, -0.944
10, -1.175
11, -1.371
12, -1.805
13, -1.973
14, -2.245
15, -2.406
16, -2.672
17, -2.917
18, -3.113
19, -3.351
20, -3.505
21, -3.890
22, -4.233
22, -4.450
21, -4.715
20, -4.911
19, -5.037
18, -5.198
17, -5.191
16, -5.170
15, -5.191
14, -5.129
13, -4.975
12, -4.638
11, -4.442
10, -4.211
9, -3.980
8, -3.728
7, -3.330
6, -3.134
5, -2.861
4, -2.686
3, -2.497
2, -2.196
1, -1.847
0, -1.546
-1, -1.322
-2, -1.021
-3, -0.846
-4, -0.608
-5, -0.357
-6, -0.126
-7, 0.091
-8, 0.336
-9, 0.630
-10, 0.790
-11, 1.133
-12, 1.343
-13, 1.448
-14, 1.756
-15, 1.952
-16, 2.140
-17, 2.483
-18, 2.735
-19, 2.889
-20, 3.190
-21, 3.358
-22, 3.603
-22, 3.862
-21, 4.022
-20, 4.190
-19, 4.526
-18, 4.624
-17, 4.568
-16, 4.603
-15, 4.568
-14, 4.386
-13, 4.099
-12, 3.952
-11, 3.764
-10, 3.554
-9, 3.337
-8, 3.106
-7, 2.833
-6, 2.602
-5, 2.336
-4, 2.084
-3, 1.854
-2, 1.616
-1, 1.364
0, 1.119
0, 1.000
1, 0.811
2, 0.476
3, 0.280
4, -0.049
5, -0.105
6, -0.378
7, -0.553
8, -0.734
9, -0.986
10, -1.217
11, -1.560
12, -1.847
13, -2.028
14, -2.217
15, -2.462
16, -2.644
17, -2.868
18, -3.134
19, -3.379
20, -3.505
21, -3.903
22, -4.268
22, -4.443
21, -4.736
20, -4.947
19, -5.079
18, -5.198
17, -5.212
16, -5.212
15, -5.248
14, -5.198
13, -5.009
12, -4.771
11, -4.519
10, -4.275
9, -4.050
8, -3.848
7, -3.505
6, -3.197
5, -3.022
4, -2.728
3, -2.476
2, -2.231
1, -1.917
0, -1.707
-1, -1.574
-2, -1.231
-3, -0.965
-4, -0.692
-5, -0.462
-6, -0.182
-7, 0.007
-8, 0.273
-9, 0.574
-10, 0.874
-11, 1.063
-12, 1.315
-13, 1.504
-14, 1.658
-15, 1.972
-16, 2.119
-17, 2.287
-18, 2.623
-19, 2.714
-20, 3.057
-21, 3.246
-22, 3.379
-22, 3.728
-21, 3.883
-20, 4.057
-19, 4.407
-18, 4.484
-17, 4.491
-16, 4.498
-15, 4.456
-14, 4.344
-13, 3.994
-12, 3.966
-11, 3.624
-10, 3.498
-9, 3.288
-8, 3.022
-7, 2.798
-6, 2.595
-5, 2.273
-4, 2.049
-3, 1.735
-2, 1.532
-1, 1.259
0, 1.070
0, 0.902
1, 0.741
2, 0.413
3, 0.175
4, -0.154
5, -0.245
6, -0.448
7, -0.629
8, -0.811
9, -1.049
10, -1.217
11, -1.623
12, -1.847
13, -2.126
14, -2.343
15, -2.532
16, -2.763
17, -3.008
18, -3.232
19, -3.477
20, -3.659
21, -3.980
22, -4.323
22, -4.547
21, -4.862
20, -5.037
19, -5.149
18, -5.359
17, -5.331
16, -5.345
15, -5.359
14, -5.317
13, -5.037
12, -4.855
11, -4.617
10, -4.323
9, -4.183
8, -3.897
7, -3.442
6, -3.260
5, -3.022
4, -2.819
3, -2.553
2, -2.336
1, -2.021
0, -1.805
-1, -1.616
-2, -1.273
-3, -1.014
-4, -0.783
-5, -0.525
-6, -0.294
-7, -0.042
-8, 0.273
-9, 0.567
-10, 0.769
-11, 1.049
-12, 1.147
-13, 1.280
-14, 1.644
-15, 1.700
-16, 1.916
-17, 2.245
-18, 2.518
-19, 2.721
-20, 3.008
-21, 3.169
-22, 3.372
-22, 3.673
-21, 3.890
-20, 4.099
-19, 4.358
-18, 4.358
-17, 4.330
-16, 4.323
-15, 4.295
-14, 4.134
-13, 3.862
-12, 3.714
-11, 3.554
-10, 3.295
-9, 3.169
-8, 2.875
-7, 2.602
-6, 2.399
-5, 2.154
-4, 1.861
-3, 1.616
-2, 1.392
-1, 1.224
0, 0.923
0, 0.846
1, 0.637
2, 0.315
3, 0.119
4, -0.140
5, -0.399
6, -0.518
7, -0.706
8, -0.937
9, -1.126
10, -1.371
11, -1.609
12, -1.972
13, -2.287
14, -2.497
15, -2.672
16, -2.903
17, -3.190
18, -3.337
19, -3.610
20, -3.834
21, -4.260
22, -4.477
22, -4.736
21, -4.988
20, -5.072
19, -5.380
18, -5.492
17, -5.430
16, -5.521
15, -5.478
14, -5.359
13, -5.143
12, -4.953
11, -4.722
10, -4.512
9, -4.330
8, -4.015
7, -3.505
6, -3.400
5, -3.141
4, -2.903
3, -2.644
2, -2.448
1, -2.154
0, -1.847
-1, -1.637
-2, -1.322
-3, -1.126
-4, -0.916
-5, -0.657
-6, -0.420
-7, -0.161
-8, 0.049
-9, 0.350
-10, 0.601
-11, 0.846
-12, 1.105
-13, 1.294
-14, 1.455
-15, 1.742
-16, 1.951
-17, 2.070
-18, 2.462
-19, 2.504
-20, 2.763
-21, 3.008
-22, 3.204
-22, 3.498
-21, 3.680
-20, 3.890
-19, 4.211
-18, 4.302
-17, 4.246
-16, 4.274
-15, 4.239
-14, 4.008
-13, 3.764
-12, 3.673
-11, 3.421
-10, 3.211
-9, 2.931
-8, 2.777
-7, 2.574
-6, 2.315
-5, 2.063
-4, 1.847
-3, 1.623
-2, 1.364
-1, 1.091
0, 0.860
0, 0.727
1, 0.455
2, 0.210
3, -0.063
4, -0.343
5, -0.497
6, -0.699
7, -0.909
8, -1.098
9, -1.308
10, -1.427
11, -1.707
12, -1.986
13, -2.252
14, -2.455
15, -2.693
16, -2.896
17, -3.176
18, -3.428
19, -3.610
20, -3.756
21, -4.148
22, -4.442
22, -4.694
21, -4.890
20, -5.149
19, -5.331
18, -5.506
17, -5.478
16, -5.528
15, -5.499
14, -5.416
13, -5.198
12, -4.967
11, -4.722
10, -4.358
9, -4.218
8, -3.973
7, -3.666
6, -3.442
5, -3.260
4, -3.001
3, -2.714
2, -2.504
1, -2.168
0, -1.937
-1, -1.714
-2, -1.343
-3, -1.210
-4, -0.986
-5, -0.699
-6, -0.483
-7, -0.203
-8, 0.098
-9, 0.287
-10, 0.476
-11, 0.811
-12, 0.874
-13, 1.126
-14, 1.385
-15, 1.560
-16, 1.896
-17, 2.196
-18, 2.385
-19, 2.651
-20, 2.903
-21, 3.078
-22, 3.302
-22, 3.519
-21, 3.791
-20, 3.966
-19, 4.225
-18, 4.275
-17, 4.239
-16, 4.239
-15, 4.225
-14, 4.120
-13, 3.813
-12, 3.519
-11, 3.428
-10, 3.148
-9, 3.008
-8, 2.777
-7, 2.490
-6, 2.336
-5, 2.070
-4, 1.798
-3, 1.616
-2, 1.350
-1, 1.133
0, 0.888
0, 0.651
1, 0.392
2, 0.154
3, -0.091
4, -0.329
5, -0.413
6, -0.622
7, -0.818
8, -1.000
9, -1.210
10, -1.413
11, -1.637
12, -2.014
13, -2.273
14, -2.469
15, -2.714
16, -2.896
17, -3.120
18, -3.351
19, -3.617
20, -3.834
21, -4.162
22, -4.484
22, -4.764
21, -5.023
20, -5.136
19, -5.387
18, -5.513
17, -5.450
16, -5.506
15, -5.464
14, -5.219
13, -5.065
12, -4.869
11, -4.582
10, -4.449
9, -4.211
8, -3.945
7, -3.652
6, -3.421
5, -3.176
4, -2.938
3, -2.784
2, -2.518
1, -2.231
0, -2.028
-1, -1.714
-2, -1.301
-3, -1.084
-4, -0.811
-5, -0.657
-6, -0.476
-7, -0.210
-8, 0.042
-9, 0.252
-10, 0.581
-11, 0.867
-12, 1.021
-13, 1.315
-14, 1.525
-15, 1.672
-16, 2.021
-17, 2.259
-18, 2.476
-19, 2.728
-20, 2.931
-21, 3.141
-22, 3.379
-22, 3.596
-21, 3.820
-20, 4.036
-19, 4.267
-18, 4.316
-17, 4.302
-16, 4.288
-15, 4.268
-14, 4.204
-13, 3.862
-12, 3.785
-11, 3.477
-10, 3.337
-9, 3.099
-8, 2.854
-7, 2.616
-6, 2.364
-5, 2.119
-4, 1.917
-3, 1.686
-2, 1.434
-1, 1.189
0, 0.923
0, 0.734
1, 0.504
2, 0.322
3, 0.063
4, -0.154
5, -0.322
6, -0.497
7, -0.818
8, -0.881
9, -1.182
10, -1.343
11, -1.728
12, -1.951
13, -2.273
14, -2.448
15, -2.714
16, -2.882
17, -3.162
18, -3.267
19, -3.575
20, -3.770
21, -4.050
22, -4.393
22, -4.666
21, -4.869
20, -5.093
19, -5.310
18, -5.345
17, -5.352
16, -5.373
15, -5.394
14, -5.331
13, -5.198
12, -4.897
11, -4.743
10, -4.463
9, -4.211
8, -3.910
7, -3.511
6, -3.260
5, -3.015
4, -2.854
3, -2.609
2, -2.322
1, -2.189
0, -1.909
-1, -1.623
-2, -1.336
-3, -1.098
-4, -0.804
-5, -0.636
-6, -0.357
-7, -0.049
-8, 0.140
-9, 0.329
-10, 0.720
-11, 0.972
-12, 1.112
-13, 1.406
-14, 1.616
-15, 1.749
-16, 2.070
-17, 2.343
-18, 2.490
-19, 2.777
-20, 2.938
-21, 3.050
-22, 3.295
-22, 3.449
-21, 3.686
-20, 3.966
-19, 4.162
-18, 4.351
-17, 4.344
-16, 4.337
-15, 4.316
-14, 4.134
-13, 3.931
-12, 3.701
-11, 3.519
-10, 3.365
-9, 3.162
-8, 2.833
-7, 2.637
-6, 2.476
-5, 2.154
-4, 1.966
-3, 1.728
-2, 1.434
-1, 1.266
0, 0.993
0, 0.783
1, 0.560
2, 0.252
3, -0.042
4, -0.161
5, -0.287
6, -0.518
7, -0.720
8, -1.000
9, -1.203
10, -1.441
11, -1.742
12, -2.021
13, -2.294
14, -2.448
15, -2.679
16, -2.875
17, -3.085
18, -3.288
19, -3.525
20, -3.742
21, -4.022
22, -4.379
22, -4.680
21, -4.834
20, -5.107
19, -5.409
18, -5.394
17, -5.359
16, -5.373
15, -5.430
14, -5.352
13, -5.177
12, -4.932
11, -4.701
10, -4.449
9, -4.176
8, -3.980
7, -3.617
6, -3.309
5, -3.155
4, -2.924
3, -2.623
2, -2.497
1, -2.182
0, -1.868
-1, -1.679
-2, -1.343
-3, -1.000
-4, -0.727
-5, -0.601
-6, -0.287
-7, -0.063
-8, 0.098
-9, 0.350
-10, 0.588
-11, 0.853
-12, 1.098
-13, 1.245
-14, 1.455
-15, 1.735
-16, 2.056
-17, 2.161
-18, 2.504
-19, 2.742
-20, 2.889
-21, 3.141
-22, 3.358
-22, 3.554
-21, 3.862
-20, 4.086
-19, 4.225
-18, 4.400
-17, 4.372
-16, 4.358
-15, 4.330
-14, 4.190
-13, 3.883
-12, 3.764
-11, 3.505
-10, 3.344
-9, 3.113
-8, 2.840
-7, 2.742
-6, 2.441
-5, 2.161
-4, 1.952
-3, 1.693
-2, 1.462
-1, 1.168
0, 0.951
0, 0.713
1, 0.532
2, 0.147
3, -0.070
4, -0.266
5, -0.294
6, -0.601
7, -0.692
8, -1.007
9, -1.154
10, -1.392
11, -1.595
12, -2.042
13, -2.224
14, -2.490
15, -2.679
16, -2.931
17, -3.169
18, -3.483
19, -3.645
20, -3.770
21, -4.204
22, -4.519
22, -4.715
21, -4.897
20, -5.129
19, -5.324
18, -5.394
17, -5.437
16, -5.423
15, -5.444
14, -5.352
13, -5.136
12, -4.911
11, -4.778
10, -4.463
9, -4.260
8, -4.057
7, -3.617
6, -3.491
5, -3.295
4, -3.071
3, -2.798
2, -2.630
1, -2.252
0, -2.042
-1, -1.847
-2, -1.469
-3, -1.154
-4, -0.923
-5, -0.699
-6, -0.406
-7, -0.231
-8, 0.021
-9, 0.336
-10, 0.553
-11, 0.846
-12, 1.112
-13, 1.238
-14, 1.427
-15, 1.721
-16, 1.958
-17, 2.231
-18, 2.539
-19, 2.756
-20, 2.917
-21, 3.162
-22, 3.435
-22, 3.596
-21, 3.812
-20, 4.086
-19, 4.204
-18, 4.316
-17, 4.309
-16, 4.288
-15, 4.288
-14, 4.261
-13, 3.959
-12, 3.848
-11, 3.554
-10, 3.470
-9, 3.106
-8, 2.924
-7, 2.693
-6, 2.420
-5, 2.217
-4, 1.917
-3, 1.700
-2, 1.427
-1, 1.203
0, 0.951
0, 0.776
1, 0.539
2, 0.182
3, -0.014
4, -0.308
5, -0.399
6, -0.615
7, -0.818
8, -1.035
9, -1.217
10, -1.476
11, -1.770
12, -2.028
13, -2.315
14, -2.511
15, -2.770
16, -2.945
17, -3.197
18, -3.435
19, -3.631
20, -3.890
21, -4.323
22, -4.519
22, -4.729
21, -4.995
20, -5.114
19, -5.261
18, -5.485
17, -5.464
16, -5.437
15, -5.478
14, -5.359
13, -5.093
12, -4.960
11, -4.680
10, -4.407
9, -4.267
8, -3.973
7, -3.666
6, -3.498
5, -3.225
4, -3.036
3, -2.889
2, -2.511
1, -2.182
0, -2.042
-1, -1.742
-2, -1.427
-3, -1.224
-4, -0.888
-5, -0.657
-6, -0.448
-7, -0.105
-8, 0.133
-9, 0.252
-10, 0.601
-11, 0.881
-12, 1.077
-13, 1.301
-14, 1.574
-15, 1.749
-16, 2.035
-17, 2.301
-18, 2.581
-19, 2.784
-20, 3.064
-21, 3.260
-22, 3.476
-22, 3.624
-21, 3.869
-20, 4.155
-19, 4.281
-18, 4.428
-17, 4.372
-16, 4.372
-15, 4.365
-14, 4.176
-13, 3.869
-12, 3.883
-11, 3.596
-10, 3.470
-9, 3.218
-8, 2.987
-7, 2.756
-6, 2.413
-5, 2.175
-4, 1.840
-3, 1.665
-2, 1.399
-1, 1.217
0, 1.042
0, 0.874
1, 0.525
2, 0.392
3, 0.042
4, -0.049
5, -0.329
6, -0.406
7, -0.748
8, -0.811
9, -1.112
10, -1.287
11, -1.644
12, -1.861
13, -2.217
14, -2.329
15, -2.588
16, -2.826
17, -3.127
18, -3.288
19, -3.568
20, -3.819
21, -4.141
22, -4.414
22, -4.694
21, -4.821
20, -4.967
19, -5.198
18, -5.317
17, -5.324
16, -5.394
15, -5.345
14, -5.317
13, -5.079
12, -4.841
11, -4.610
10, -4.379
9, -4.134
8, -3.931
7, -3.568
6, -3.253
5, -3.057
4, -2.875
3, -2.546
2, -2.434
1, -2.196
0, -1.854
-1, -1.721
-2, -1.469
-3, -1.077
-4, -0.923
-5, -0.664
-6, -0.371
-7, -0.280
-8, -0.014
-9, 0.259
-10, 0.601
-11, 0.860
-12, 1.105
-13, 1.343
-14, 1.511
-15, 1.791
-16, 2.154
-17, 2.378
-18, 2.595
-19, 2.910
-20, 3.120
-21, 3.239
-22, 3.582
-22, 3.686
-21, 3.840
-20, 4.099
-19, 4.400
-18, 4.442
-17, 4.428
-16, 4.407
-15, 4.379
-14, 4.274
-13, 3.973
-12, 3.883
-11, 3.617
-10, 3.407
-9, 3.225
-8, 2.952
-7, 2.714
-6, 2.455
-5, 2.175
-4, 2.014
-3, 1.742
-2, 1.490
-1, 1.329
0, 1.077
0, 0.937
1, 0.567
2, 0.378
3, 0.014
4, -0.028
5, -0.329
6, -0.539
7, -0.706
8, -0.937
9, -1.126
10, -1.350
11, -1.595
12, -1.847
13, -2.154
14, -2.364
15, -2.623
16, -2.819
17, -3.134
18, -3.330
19, -3.554
20, -3.791
21, -4.022
22, -4.309
22, -4.589
21, -4.729
20, -4.995
19, -5.198
18, -5.310
17, -5.310
16, -5.394
15, -5.324
14, -5.283
13, -5.037
12, -4.827
11, -4.653
10, -4.393
9, -4.183
8, -3.938
7, -3.568
6, -3.260
5, -3.127
4, -2.903
3, -2.602
2, -2.301
1, -2.098
0, -1.791
-1, -1.532
-2, -1.315
-3, -0.951
-4, -0.776
-5, -0.650
-6, -0.385
-7, -0.091
-8, 0.007
-9, 0.364
-10, 0.601
-11, 0.888
-12, 1.126
-13, 1.399
-14, 1.588
-15, 1.839
-16, 2.175
-17, 2.427
-18, 2.546
-19, 2.868
-20, 2.980
-21, 3.148
-22, 3.421
-22, 3.707
-21, 3.876
-20, 4.155
-19, 4.344
-18, 4.421
-17, 4.414
-16, 4.379
-15, 4.386
-14, 4.358
-13, 4.086
-12, 3.813
-11, 3.589
-10, 3.435
-9, 3.148
-8, 3.001
-7, 2.763
-6, 2.476
-5, 2.245
-4, 1.952
-3, 1.735
-2, 1.455
-1, 1.259
0, 1.021
0, 0.804
1, 0.609
2, 0.259
3, 0.035
4, -0.280
5, -0.343
6, -0.580
7, -0.818
8, -0.937
9, -1.210
10, -1.385
11, -1.707
12, -2.014
13, -2.322
14, -2.539
15, -2.805
16, -2.952
17, -3.211
18, -3.428
19, -3.631
20, -3.841
21, -4.148
22, -4.526
22, -4.638
21, -4.904
20, -5.114
19, -5.338
18, -5.409
17, -5.416
16, -5.423
15, -5.450
14, -5.394
13, -5.184
12, -4.967
11, -4.687
10, -4.463
9, -4.302
8, -4.029
7, -3.673
6, -3.393
5, -3.211
4, -2.938
3, -2.763
2, -2.462
1, -2.133
0, -1.958
-1, -1.707
-2, -1.357
-3, -1.070
-4, -0.867
-5, -0.595
-6, -0.301
-7, -0.126
-8, 0.189
-9, 0.287
-10, 0.567
-11, 0.895
-12, 1.112
-13, 1.350
-14, 1.490
-15, 1.763
-16, 2.119
-17, 2.252
-18, 2.525
-19, 2.735
-20, 2.931
-21, 3.169
-22, 3.476
-22, 3.596
-21, 3.890
-20, 4.064
-19, 4.260
-18, 4.414
-17, 4.323
-16, 4.337
-15, 4.337
-14, 4.086
-13, 3.973
-12, 3.714
-11, 3.575
-10, 3.379
-9, 3.127
-8, 2.931
-7, 2.742
-6, 2.399
-5, 2.245
-4, 1.959
-3, 1.749
-2, 1.518
-1, 1.224
0, 0.958
0, 0.825
1, 0.609
2, 0.357
3, 0.028
4, -0.203
5, -0.392
6, -0.518
7, -0.825
8, -0.916
9, -1.245
10, -1.343
11, -1.609
12, -2.077
13, -2.168
14, -2.518
15, -2.693
16, -2.917
17, -3.204
18, -3.337
19, -3.617
20, -3.750
21, -4.051
22, -4.379
22, -4.653
21, -4.779
20, -4.995
19, -5.303
18, -5.359
17, -5.338
16, -5.338
15, -5.402
14, -5.324
13, -5.149
12, -4.814
11, -4.617
10, -4.372
9, -4.141
8, -4.001
7, -3.631
6, -3.316
5, -3.155
4, -2.854
3, -2.637
2, -2.462
1, -2.091
0, -1.812
-1, -1.602
-2, -1.259
-3, -1.105
-4, -0.860
-5, -0.629
-6, -0.364
-7, -0.203
-8, 0.126
-9, 0.462
-10, 0.790
-11, 0.972
-12, 1.210
-13, 1.364
-14, 1.560
-15, 1.791
-16, 2.175
-17, 2.259
-18, 2.602
-19, 2.812
-20, 2.959
-21, 3.183
-22, 3.267
-22, 3.547
-21, 3.806
-20, 4.008
-19, 4.282
-18, 4.421
-17, 4.358
-16, 4.372
-15, 4.358
-14, 4.106
-13, 3.910
-12, 3.764
-11, 3.519
-10, 3.351
-9, 3.092
-8, 2.826
-7, 2.651
-6, 2.364
-5, 2.210
-4, 1.917
-3, 1.749
-2, 1.525
-1, 1.252
0, 1.014
0, 0.839
1, 0.609
2, 0.280
3, 0.021
4, -0.238
5, -0.371
6, -0.713
7, -0.888
8, -1.021
9, -1.147
10, -1.462
11, -1.714
12, -1.993
13, -2.203
14, -2.399
15, -2.651
16, -2.805
17, -3.113
18, -3.302
19, -3.547
20, -3.841
21, -4.183
22, -4.400
22, -4.652
21, -4.961
20, -5.156
19, -5.296
18, -5.416
17, -5.395
16, -5.416
15, -5.373
14, -5.240
13, -4.960
12, -4.821
11, -4.582
10, -4.393
9, -4.239
8, -3.966
7, -3.589
6, -3.358
5, -3.148
4, -2.875
3, -2.721
2, -2.427
1, -2.091
0, -1.958
-1, -1.686
-2, -1.364
-3, -1.147
-4, -0.825
-5, -0.539
-6, -0.259
-7, -0.112
-8, 0.196
-9, 0.553
-10, 0.790
-11, 1.035
-12, 1.245
-13, 1.385
-14, 1.511
-15, 1.798
-16, 1.986
-17, 2.308
-18, 2.623
-19, 2.868
-20, 3.008
-21, 3.281
-22, 3.561
-22, 3.693
-21, 3.959
-20, 4.113
-19, 4.246
-18, 4.379
-17, 4.442
-16, 4.442
-15, 4.414
-14, 4.400
-13, 4.162
-12, 3.883
-11, 3.617
-10, 3.498
-9, 3.260
-8, 3.001
-7, 2.714
-6, 2.483
-5, 2.280
-4, 1.994
-3, 1.826
-2, 1.546
-1, 1.357
0, 1.105
0, 0.881
1, 0.643
2, 0.378
3, 0.084
4, -0.126
5, -0.273
6, -0.490
7, -0.664
8, -0.860
9, -1.084
10, -1.259
11, -1.700
12, -1.882
13, -2.112
14, -2.308
15, -2.497
16, -2.707
17, -2.896
18, -3.232
19, -3.351
20, -3.547
21, -3.931
22, -4.169
22, -4.505
21, -4.764
20, -4.947
19, -5.072
18, -5.276
17, -5.248
16, -5.255
15, -5.248
14, -5.198
13, -4.975
12, -4.757
11, -4.491
10, -4.225
9, -4.065
8, -3.806
7, -3.442
6, -3.267
5, -2.994
4, -2.693
3, -2.525
2, -2.210
1, -1.986
0, -1.784
-1, -1.448
-2, -1.182
-3, -0.860
-4, -0.553
-5, -0.329
-6, -0.035
-7, 0.098
-8, 0.385
-9, 0.567
-10, 0.818
-11, 1.112
-12, 1.259
-13, 1.427
-14, 1.707
-15, 1.965
-16, 2.133
-17, 2.483
-18, 2.735
-19, 2.966
-20, 3.155
-21, 3.379
-22, 3.638
-22, 3.798
-21, 4.085
-20, 4.218
-19, 4.449
-18, 4.484
-17, 4.540
-16, 4.554
-15, 4.512
-14, 4.526
-13, 4.148
-12, 4.008
-11, 3.673
-10, 3.603
-9, 3.316
-8, 3.099
-7, 2.819
-6, 2.511
-5, 2.343
-4, 2.091
-3, 1.931
-2, 1.630
-1, 1.483
0, 1.287
0, 0.979
1, 0.650
2, 0.392
3, 0.182
4, -0.042
5, -0.133
6, -0.364
7, -0.546
8, -0.755
9, -0.937
10, -1.126
11, -1.343
12, -1.693
13, -2.035
14, -2.245
15, -2.476
16, -2.672
17, -2.938
18, -3.176
19, -3.323
20, -3.589
21, -3.966
22, -4.204
22, -4.484
21, -4.736
20, -4.918
19, -5.149
18, -5.276
17, -5.226
16, -5.310
15, -5.269
14, -5.163
13, -5.023
12, -4.778
11, -4.498
10, -4.260
9, -4.022
8, -3.728
7, -3.407
6, -3.134
5, -2.896
4, -2.707
3, -2.420
2, -2.217
1, -2.091
0, -1.728
-1, -1.420
-2, -1.112
-3, -0.888
-4, -0.560
-5, -0.371
-6, -0.112
-7, 0.154
-8, 0.350
-9, 0.511
-10, 0.776
-11, 1.091
-12, 1.175
-13, 1.483
-14, 1.693
-15, 1.860
-16, 2.189
-17, 2.448
-18, 2.651
-19, 2.931
-20, 3.141
-21, 3.323
-22, 3.532
-22, 3.756
-21, 3.966
-20, 4.197
-19, 4.456
-18, 4.512
-17, 4.498
-16, 4.491
-15, 4.463
-14, 4.407
-13, 4.022
-12, 3.931
-11, 3.610
-10, 3.477
-9, 3.253
-8, 3.015
-7, 2.763
-6, 2.623
-5, 2.273
-4, 2.077
-3, 1.798
-2, 1.560
-1, 1.280
0, 1.112
0, 0.881
1, 0.657
2, 0.399
3, 0.126
4, -0.049
5, -0.245
6, -0.385
7, -0.706
8, -0.783
9, -1.035
10, -1.175
11, -1.567
12, -1.742
13, -2.112
14, -2.308
15, -2.511
16, -2.805
17, -3.008
18, -3.211
19, -3.414
20, -3.624
21, -4.022
22, -4.225
22, -4.519
21, -4.771
20, -4.932
19, -5.205
18, -5.303
17, -5.269
16, -5.324
15, -5.310
14, -5.177
13, -4.925
12, -4.764
11, -4.554
10, -4.358
9, -4.134
8, -3.903
7, -3.645
6, -3.295
5, -3.085
4, -2.924
3, -2.616
2, -2.252
1, -2.014
0, -1.847
-1, -1.553
-2, -1.287
-3, -1.028
-4, -0.706
-5, -0.455
-6, -0.252
-7, 0.056
-8, 0.238
-9, 0.392
-10, 0.769
-11, 0.993
-12, 1.084
-13, 1.406
-14, 1.567
-15, 1.839
-16, 2.112
-17, 2.322
-18, 2.623
-19, 2.861
-20, 3.099
-21, 3.245
-22, 3.511
-22, 3.742
-21, 3.931
-20, 4.176
-19, 4.449
-18, 4.477
-17, 4.456
-16, 4.456
-15, 4.449
-14, 4.442
-13, 4.127
-12, 3.987
-11, 3.721
-10, 3.532
-9, 3.302
-8, 3.029
-7, 2.847
-6, 2.511
-5, 2.280
-4, 2.014
-3, 1.749
-2, 1.504
-1, 1.322
0, 1.077
0, 0.881
1, 0.741
2, 0.469
3, 0.210
4, 0.021
5, -0.126
6, -0.392
7, -0.539
8, -0.923
9, -1.007
10, -1.287
11, -1.497
12, -1.777
13, -2.035
14, -2.308
15, -2.462
16, -2.770
17, -2.931
18, -3.155
19, -3.393
20, -3.554
21, -3.848
22, -4.232
22, -4.456
21, -4.645
20, -4.904
19, -5.086
18, -5.156
17, -5.163
16, -5.184
15, -5.191
14, -5.142
13, -5.002
12, -4.673
11, -4.491
10, -4.226
9, -3.967
8, -3.764
7, -3.344
6, -3.022
5, -2.861
4, -2.693
3, -2.427
2, -2.161
1, -1.945
0, -1.602
-1, -1.371
-2, -1.154
-3, -0.804
-4, -0.665
-5, -0.483
-6, -0.210
-7, 0.007
-8, 0.224
-9, 0.545
-10, 0.727
-11, 1.014
-12, 1.308
-13, 1.497
-14, 1.629
-15, 1.930
-16, 2.231
-17, 2.434
-18, 2.679
-19, 2.903
-20, 3.099
-21, 3.287
-22, 3.504
-22, 3.728
-21, 3.952
-20, 4.253
-19, 4.302
-18, 4.526
-17, 4.505
-16, 4.477
-15, 4.470
-14, 4.449
-13, 4.134
-12, 3.938
-11, 3.707
-10, 3.539
-9, 3.232
-8, 3.113
-7, 2.826
-6, 2.497
-5, 2.217
-4, 2.014
-3, 1.756
-2, 1.525
-1, 1.378
0, 1.119
0, 0.909
1, 0.601
2, 0.455
3, 0.105
4, -0.007
5, -0.168
6, -0.420
7, -0.560
8, -0.881
9, -1.056
10, -1.259
11, -1.546
12, -1.840
13, -2.091
14, -2.329
15, -2.553
16, -2.756
17, -2.980
18, -3.232
19, -3.421
20, -3.589
21, -3.980
22, -4.155
22, -4.533
21, -4.785
20, -4.953
19, -5.163
18, -5.380
17, -5.352
16, -5.373
15, -5.380
14, -5.331
13, -5.072
12, -4.876
11, -4.618
10, -4.365
9, -4.148
8, -3.841
7, -3.442
6, -3.281
5, -3.099
4, -2.847
3, -2.665
2, -2.392
1, -2.035
0, -1.791
-1, -1.588
-2, -1.217
-3, -1.112
-4, -0.881
-5, -0.609
-6, -0.406
-7, -0.196
-8, 0.133
-9, 0.364
-10, 0.608
-11, 0.930
-12, 1.098
-13, 1.322
-14, 1.455
-15, 1.685
-16, 1.958
-17, 2.287
-18, 2.525
-19, 2.693
-20, 2.987
-21, 3.155
-22, 3.308
-22, 3.658
-21, 3.847
-20, 3.931
-19, 4.267
-18, 4.351
-17, 4.365
-16, 4.379
-15, 4.323
-14, 4.323
-13, 3.910
-12, 3.854
-11, 3.581
-10, 3.358
-9, 3.099
-8, 2.910
-7, 2.609
-6, 2.399
-5, 2.105
-4, 1.846
-3, 1.686
-2, 1.483
-1, 1.294
0, 1.070
0, 0.881
1, 0.643
2, 0.294
3, 0.098
4, -0.210
5, -0.322
6, -0.483
7, -0.769
8, -0.937
9, -1.098
10, -1.364
11, -1.679
12, -1.910
13, -2.217
14, -2.455
15, -2.665
16, -2.840
17, -3.127
18, -3.309
19, -3.505
20, -3.777
21, -4.065
22, -4.358
22, -4.653
21, -4.904
20, -5.086
19, -5.317
18, -5.402
17, -5.387
16, -5.485
15, -5.437
14, -5.317
13, -5.058
12, -4.883
11, -4.673
10, -4.393
9, -4.106
8, -3.883
7, -3.519
6, -3.323
5, -3.120
4, -2.826
3, -2.651
2, -2.378
1, -2.042
0, -1.882
-1, -1.595
-2, -1.259
-3, -1.112
-4, -0.755
-5, -0.658
-6, -0.413
-7, -0.105
-8, 0.112
-9, 0.259
-10, 0.608
-11, 0.895
-12, 1.028
-13, 1.308
-14, 1.511
-15, 1.755
-16, 2.021
-17, 2.210
-18, 2.427
-19, 2.721
-20, 2.819
-21, 3.057
-22, 3.336
-22, 3.658
-21, 3.784
-20, 4.078
-19, 4.267
-18, 4.365
-17, 4.337
-16, 4.330
-15, 4.302
-14, 4.127
-13, 3.847
-12, 3.609
-11, 3.456
-10, 3.260
-9, 3.029
-8, 2.868
-7, 2.567
-6, 2.427
-5, 2.161
-4, 1.874
-3, 1.742
-2, 1.448
-1, 1.259
0, 1.105
0, 0.804
1, 0.601
2, 0.329
3, 0.070
4, -0.147
5, -0.329
6, -0.448
7, -0.790
8, -0.846
9, -1.154
10, -1.308
11, -1.700
12, -1.910
13, -2.259
14, -2.357
15, -2.672
16, -2.861
17, -3.106
18, -3.274
19, -3.533
20, -3.687
21, -3.966
22, -4.289
22, -4.533
21, -4.750
20, -5.065
19, -5.262
18, -5.331
17, -5.345
16, -5.345
15, -5.345
14, -5.324
13, -5.163
12, -4.807
11, -4.582
10, -4.337
9, -4.120
8, -3.945
7, -3.540
6, -3.379
5, -3.190
4, -2.896
3, -2.679
2, -2.483
1, -2.161
0, -1.875
-1, -1.623
-2, -1.308
-3, -1.000
-4, -0.846
-5, -0.595
-6, -0.315
-7, -0.133
-8, 0.126
-9, 0.434
-10, 0.608
-11, 0.867
-12, 1.126
-13, 1.357
-14, 1.532
-15, 1.804
-16, 2.056
-17, 2.343
-18, 2.665
-19, 2.924
-20, 3.036
-21, 3.280
-22, 3.343
-22, 3.595
-21, 3.798
-20, 3.973
-19, 4.267
-18, 4.421
-17, 4.386
-16, 4.400
-15, 4.386
-14, 4.106
-13, 3.896
-12, 3.707
-11, 3.617
-10, 3.358
-9, 3.197
-8, 2.994
-7, 2.770
-6, 2.511
-5, 2.301
-4, 2.035
-3, 1.763
-2, 1.525
-1, 1.280
0, 1.049
0, 0.832
1, 0.699
2, 0.259
3, 0.070
4, -0.224
5, -0.301
6, -0.581
7, -0.727
8, -0.937
9, -1.140
10, -1.357
11, -1.700
12, -2.070
13, -2.217
14, -2.434
15, -2.700
16, -2.819
17, -3.113
18, -3.309
19, -3.463
20, -3.659
21, -4.015
22, -4.267
22, -4.582
21, -4.855
20, -4.995
19, -5.143
18, -5.359
17, -5.345
16, -5.373
15, -5.345
14, -5.219
13, -4.961
12, -4.778
11, -4.575
10, -4.316
9, -4.155
8, -3.945
7, -3.617
6, -3.344
5, -3.127
4, -2.854
3, -2.735
2, -2.497
1, -2.154
0, -1.847
-1, -1.609
-2, -1.224
-3, -0.986
-4, -0.790
-5, -0.518
-6, -0.336
-7, -0.161
-8, 0.126
-9, 0.329
-10, 0.559
-11, 0.951
-12, 1.154
-13, 1.287
-14, 1.553
-15, 1.734
-16, 1.958
-17, 2.308
-18, 2.630
-19, 2.847
-20, 3.001
-21, 3.245
-22, 3.435
-22, 3.630
-21, 3.903
-20, 4.120
-19, 4.309
-18, 4.449
-17, 4.400
-16, 4.393
-15, 4.393
-14, 4.064
-13, 4.022
-12, 3.742
-11, 3.624
-10, 3.372
-9, 3.092
-8, 2.854
-7, 2.735
-6, 2.532
-5, 2.231
-4, 2.007
-3, 1.812
-2, 1.595
-1, 1.371
0, 1.035
0, 0.867
1, 0.546
2, 0.231
3, -0.014
4, -0.259
5, -0.378
6, -0.581
7, -0.804
8, -0.944
9, -1.217
10, -1.406
11, -1.798
12, -2.049
13, -2.315
14, -2.525
15, -2.805
16, -2.910
17, -3.176
18, -3.400
19, -3.554
20, -3.756
21, -4.127
22, -4.456
22, -4.687
21, -4.967
20, -5.156
19, -5.254
18, -5.423
17, -5.444
16, -5.423
15, -5.457
14, -5.394
13, -5.212
12, -4.975
11, -4.743
10, -4.471
9, -4.309
8, -4.043
7, -3.714
6, -3.456
5, -3.253
4, -2.980
3, -2.784
2, -2.525
1, -2.231
0, -2.014
-1, -1.714
-2, -1.378
-3, -1.175
-4, -0.881
-5, -0.602
-6, -0.364
-7, -0.154
-8, 0.112
-9, 0.231
-10, 0.483
-11, 0.776
-12, 0.902
-13, 1.210
-14, 1.448
-15, 1.637
-16, 1.972
-17, 2.210
-18, 2.385
-19, 2.693
-20, 2.882
-21, 3.043
-22, 3.302
-22, 3.511
-21, 3.770
-20, 4.029
-19, 4.295
-18, 4.302
-17, 4.267
-16, 4.267
-15, 4.239
-14, 4.113
-13, 3.791
-12, 3.742
-11, 3.469
-10, 3.267
-9, 3.071
-8, 2.819
-7, 2.553
-6, 2.280
-5, 2.042
-4, 1.791
-3, 1.560
-2, 1.329
-1, 1.084
0, 0.895
0, 0.734
1, 0.560
2, 0.203
3, 0.028
4, -0.336
5, -0.385
6, -0.609
7, -0.804
8, -0.993
9, -1.217
10, -1.392
11, -1.777
12, -2.014
13, -2.280
14, -2.518
15, -2.735
16, -2.931
17, -3.155
18, -3.386
19, -3.617
20, -3.883
21, -4.289
22, -4.561
22, -4.715
21, -5.051
20, -5.177
19, -5.310
18, -5.471
17, -5.492
16, -5.492
15, -5.471
14, -5.395
13, -5.129
12, -4.918
11, -4.687
10, -4.477
9, -4.337
8, -4.072
7, -3.756
6, -3.442
5, -3.246
4, -2.959
3, -2.791
2, -2.504
1, -2.210
0, -2.000
-1, -1.735
-2, -1.350
-3, -1.112
-4, -0.853
-5, -0.588
-6, -0.378
-7, -0.126
-8, 0.175
-9, 0.357
-10, 0.629
-11, 0.972
-12, 1.224
-13, 1.329
-14, 1.616
-15, 1.665
-16, 1.895
-17, 2.154
-18, 2.378
-19, 2.658
-20, 2.952
-21, 3.092
-22, 3.358
-22, 3.644
-21, 3.987
-20, 4.134
-19, 4.358
-18, 4.442
-17, 4.400
-16, 4.407
-15, 4.386
-14, 4.204
-13, 3.938
-12, 3.693
-11, 3.497
-10, 3.323
-9, 3.064
-8, 2.868
-7, 2.616
-6, 2.350
-5, 2.245
-4, 1.888
-3, 1.763
-2, 1.525
-1, 1.336
0, 1.021
0, 0.874
1, 0.643
2, 0.315
3, 0.056
4, -0.168
5, -0.357
6, -0.546
7, -0.776
8, -0.965
9, -1.182
10, -1.385
11, -1.756
12, -2.000
13, -2.224
14, -2.434
15, -2.693
16, -2.889
17, -3.141
18, -3.421
19, -3.582
20, -3.841
21, -4.316
22, -4.519
22, -4.750
21, -4.982
20, -5.136
19, -5.290
18, -5.430
17, -5.430
16, -5.457
15, -5.409
14, -5.324
13, -5.023
12, -4.820
11, -4.624
10, -4.330
9, -4.183
8, -3.903
7, -3.519
6, -3.344
5, -3.155
4, -2.896
3, -2.686
2, -2.413
1, -2.112
0, -1.945
-1, -1.742
-2, -1.385
-3, -1.147
-4, -0.874
-5, -0.623
-6, -0.385
-7, -0.133
-8, 0.147
-9, 0.371
-10, 0.615
-11, 0.937
-12, 1.084
-13, 1.245
-14, 1.469
-15, 1.713
-16, 1.867
-17, 2.203
-18, 2.490
-19, 2.644
-20, 2.924
-21, 3.176
-22, 3.504
-22, 3.588
-21, 3.861
-20, 3.980
-19, 4.274
-18, 4.386
-17, 4.330
-16, 4.351
-15, 4.330
-14, 4.120
-13, 3.896
-12, 3.680
-11, 3.532
-10, 3.337
-9, 3.071
-8, 2.847
-7, 2.616
-6, 2.322
-5, 2.224
-4, 1.888
-3, 1.756
-2, 1.539
-1, 1.308
0, 1.049
0, 0.881
1, 0.664
2, 0.357
3, 0.112
4, -0.182
5, -0.315
6, -0.511
7, -0.727
8, -0.909
9, -1.105
10, -1.294
11, -1.658
12, -1.896
13, -2.189
14, -2.406
15, -2.567
16, -2.812
17, -3.099
18, -3.316
19, -3.568
20, -3.841
21, -4.218
22, -4.421
22, -4.638
21, -4.918
20, -5.009
19, -5.191
18, -5.394
17, -5.359
16, -5.359
15, -5.359
14, -5.276
13, -4.995
12, -4.869
11, -4.610
10, -4.337
9, -4.190
8, -3.897
7, -3.526
6, -3.316
5, -3.057
4, -2.805
3, -2.567
2, -2.259
1, -2.084
0, -1.868
-1, -1.553
-2, -1.238
-3, -1.021
-4, -0.713
-5, -0.574
-6, -0.343
-7, -0.028
-8, 0.161
-9, 0.350
-10, 0.727
-11, 0.986
-12, 1.112
-13, 1.420
-14, 1.574
-15, 1.734
-16, 2.126
-17, 2.476
-18, 2.588
-19, 2.847
-20, 3.113
-21, 3.197
-22, 3.455
-22, 3.693
-21, 3.903
-20, 4.127
-19, 4.435
-18, 4.428
-17, 4.393
-16, 4.393
-15, 4.379
-14, 4.316
-13, 3.980
-12, 3.763
-11, 3.568
-10, 3.344
-9, 3.232
-8, 3.001
-7, 2.707
-6, 2.574
-5, 2.287
-4, 2.035
-3, 1.882
-2, 1.588
-1, 1.322
0, 1.119
0, 0.888
1, 0.609
2, 0.287
3, 0.098
4, -0.133
5, -0.273
6, -0.532
7, -0.762
8, -0.846
9, -1.182
10, -1.322
11, -1.770
12, -1.972
13, -2.259
14, -2.455
15, -2.581
16, -2.882
17, -3.050
18, -3.344
19, -3.463
20, -3.707
21, -4.155
22, -4.393
22, -4.603
21, -4.876
20, -5.030
19, -5.163
18, -5.387
17, -5.366
16, -5.394
15, -5.380
14, -5.324
13, -5.114
12, -4.911
11, -4.659
10, -4.442
9, -4.239
8, -3.931
7, -3.673
6, -3.372
5, -3.113
4, -2.910
3, -2.658
2, -2.350
1, -2.049
0, -1.903
-1, -1.595
-2, -1.245
-3, -1.084
-4, -0.727
-5, -0.553
-6, -0.336
-7, -0.007
-8, 0.133
-9, 0.322
-10, 0.734
-11, 0.902
-12, 1.077
-13, 1.364
-14, 1.546
-15, 1.791
-16, 2.098
-17, 2.434
-18, 2.595
-19, 2.812
-20, 3.085
-21, 3.148
-22, 3.365
-22, 3.659
-21, 3.721
-20, 3.938
-19, 4.316
-18, 4.323
-17, 4.309
-16, 4.302
-15, 4.281
-14, 4.232
-13, 3.890
-12, 3.806
-11, 3.498
-10, 3.386
-9, 3.099
-8, 2.896
-7, 2.665
-6, 2.427
-5, 2.140
-4, 1.868
-3, 1.679
-2, 1.434
-1, 1.210
0, 1.035
0, 0.832
1, 0.581
2, 0.385
3, 0.063
4, -0.133
5, -0.336
6, -0.483
7, -0.657
8, -0.937
9, -1.133
10, -1.434
11, -1.651
12, -1.944
13, -2.259
14, -2.511
15, -2.693
16, -2.861
17, -3.169
18, -3.302
19, -3.533
20, -3.784
21, -4.050
22, -4.421
22, -4.701
21, -4.953
20, -5.129
19, -5.331
18, -5.478
17, -5.430
16, -5.499
15, -5.471
14, -5.359
13, -5.170
12, -4.974
11, -4.722
10, -4.540
9, -4.260
8, -4.008
7, -3.784
6, -3.442
5, -3.225
4, -3.057
3, -2.770
2, -2.462
1, -2.252
0, -2.000
-1, -1.721
-2, -1.504
-3, -1.147
-4, -0.860
-5, -0.692
-6, -0.392
-7, -0.077
-8, 0.028
-9, 0.322
-10, 0.671
-11, 0.860
-12, 1.098
-13, 1.413
-14, 1.623
-15, 1.819
-16, 2.077
-17, 2.322
-18, 2.539
-19, 2.784
-20, 3.050
-21, 3.218
-22, 3.442
-22, 3.693
-21, 3.924
-20, 4.072
-19, 4.295
-18, 4.393
-17, 4.372
-16, 4.365
-15, 4.358
-14, 4.309
-13, 3.952
-12, 3.827
-11, 3.526
-10, 3.456
-9, 3.169
-8, 2.917
-7, 2.679
-6, 2.476
-5, 2.259
-4, 1.945
-3, 1.742
-2, 1.385
-1, 1.280
0, 1.000
0, 0.790
1, 0.518
2, 0.259
3, -0.049
4, -0.154
5, -0.273
6, -0.525
7, -0.706
8, -1.021
9, -1.210
10, -1.511
11, -1.770
12, -2.168
13, -2.315
14, -2.504
15, -2.791
16, -2.896
17, -3.218
18, -3.372
19, -3.617
20, -3.834
21, -4.261
22, -4.526
22, -4.785
21, -4.988
20, -5.122
19, -5.359
18, -5.500
17, -5.444
16, -5.542
15, -5.499
14, -5.366
13, -5.170
12, -4.967
11, -4.785
10, -4.694
9, -4.358
8, -4.106
7, -3.749
6, -3.386
5, -3.134
4, -3.001
3, -2.700
2, -2.441
1, -2.252
0, -1.917
-1, -1.707
-2, -1.441
-3, -1.084
-4, -0.944
-5, -0.776
-6, -0.490
-7, -0.266
-8, -0.049
-9, 0.273
-10, 0.671
-11, 0.979
-12, 1.154
-13, 1.343
-14, 1.602
-15, 1.742
-16, 2.007
-17, 2.322
-18, 2.476
-19, 2.665
-20, 2.903
-21, 3.078
-22, 3.330
-22, 3.526
-21, 3.799
-20, 3.931
-19, 4.218
-18, 4.351
-17, 4.282
-16, 4.309
-15, 4.289
-14, 4.008
-13, 3.834
-12, 3.680
-11, 3.442
-10, 3.260
-9, 2.994
-8, 2.784
-7, 2.546
-6, 2.322
-5, 2.147
-4, 1.875
-3, 1.679
-2, 1.448
-1, 1.238
0, 0.958
0, 0.832
1, 0.574
2, 0.294
3, 0.049
4, -0.231
5, -0.392
6, -0.539
7, -0.818
8, -0.965
9, -1.273
10, -1.350
11, -1.623
12, -1.965
13, -2.168
14, -2.462
15, -2.637
16, -2.840
17, -3.148
18, -3.337
19, -3.526
20, -3.728
21, -4.100
22, -4.421
22, -4.646
21, -4.904
20, -5.122
19, -5.205
18, -5.416
17, -5.402
16, -5.395
15, -5.388
14, -5.324
13, -5.002
12, -4.883
11, -4.645
10, -4.358
9, -4.211
8, -3.910
7, -3.540
6, -3.365
5, -3.078
4, -2.840
3, -2.623
2, -2.357
1, -2.105
0, -1.930
-1, -1.665
-2, -1.350
-3, -1.182
-4, -0.832
-5, -0.615
-6, -0.462
-7, -0.105
-8, 0.203
-9, 0.462
-10, 0.678
-11, 1.035
-12, 1.224
-13, 1.413
-14, 1.672
-15, 1.847
-16, 2.119
-17, 2.434
-18, 2.609
-19, 2.791
-20, 3.036
-21, 3.211
-22, 3.393
-22, 3.680
-21, 3.700
-20, 3.966
-19, 4.099
-18, 4.289
-17, 4.435
-16, 4.393
-15, 4.407
-14, 4.372
-13, 3.980
-12, 3.855
-11, 3.547
-10, 3.477
-9, 3.162
-8, 2.987
-7, 2.756
-6, 2.483
-5, 2.203
-4, 1.980
-3, 1.728
-2, 1.511
-1, 1.364
0, 1.140
0, 0.909
1, 0.734
2, 0.399
3, 0.133
4, -0.042
5, -0.182
6, -0.441
7, -0.685
8, -0.951
9, -1.077
10, -1.385
11, -1.588
12, -1.896
13, -2.063
14, -2.336
15, -2.483
16, -2.658
17, -2.987
18, -3.141
19, -3.540
20, -3.750
21, -4.002
22, -4.330
22, -4.554
21, -4.779
20, -4.932
19, -5.177
18, -5.234
17, -5.227
16, -5.227
15, -5.283
14, -5.212
13, -5.023
12, -4.673
11, -4.498
10, -4.260
9, -3.987
8, -3.834
7, -3.379
6, -3.141
5, -3.029
4, -2.749
3, -2.546
2, -2.350
1, -2.126
0, -1.923
-1, -1.665
-2, -1.301
-3, -1.049
-4, -0.699
-5, -0.497
-6, -0.161
-7, 0.175
-8, 0.329
-9, 0.588
-10, 0.902
-11, 1.049
-12, 1.238
-13, 1.532
-14, 1.630
-15, 1.889
-16, 2.217
-17, 2.511
-18, 2.665
-19, 2.959
-20, 3.064
-21, 3.288
-22, 3.582
-22, 3.714
-21, 3.938
-20, 4.218
-19, 4.337
-18, 4.519
-17, 4.505
-16, 4.484
-15, 4.477
-14, 4.435
-13, 3.945
-12, 3.910
-11, 3.603
-10, 3.435
-9, 3.190
-8, 3.036
-7, 2.791
-6, 2.546
-5, 2.266
-4, 2.112
-3, 1.833
-2, 1.623
-1, 1.399
0, 1.196
0, 0.958
1, 0.720
2, 0.420
3, 0.175
4, 0.014
5, -0.217
6, -0.413
7, -0.573
8, -0.811
9, -1.098
10, -1.301
11, -1.525
12, -1.867
13, -2.112
14, -2.308
15, -2.483
16, -2.672
17, -2.980
18, -3.148
19, -3.435
20, -3.568
21, -3.862
22, -4.260
22, -4.512
21, -4.722
20, -4.827
19, -5.114
18, -5.163
17, -5.156
16, -5.170
15, -5.219
14, -5.149
13, -4.932
12, -4.680
11, -4.470
10, -4.218
9, -4.064
8, -3.848
7, -3.483
6, -3.218
5, -3.120
4, -2.812
3, -2.602
2, -2.434
1, -2.056
0, -1.854
-1, -1.595
-2, -1.189
-3, -0.846
-4, -0.532
-5, -0.420
-6, -0.133
-7, 0.077
-8, 0.203
-9, 0.448
-10, 0.783
-11, 1.000
-12, 1.224
-13, 1.497
-14, 1.609
-15, 1.895
-16, 2.217
-17, 2.420
-18, 2.616
-19, 2.896
-20, 3.099
-21, 3.281
-22, 3.462
-22, 3.638
-21, 3.896
-20, 4.148
-19, 4.281
-18, 4.498
-17, 4.491
-16, 4.470
-15, 4.463
-14, 4.414
-13, 4.065
-12, 3.917
-11, 3.652
-10, 3.561
-9, 3.204
-8, 3.071
-7, 2.854
-6, 2.637
-5, 2.364
-4, 2.063
-3, 1.854
-2, 1.637
-1, 1.357
0, 1.070
